-0.173402   -0.261735   0.260722
-0.30366   -0.357756   -0.116638
0.285691   -0.165605   -0.490383
0.38817   -0.238782   -0.304184
-0.297666   0.0541755   0.0195761
-0.0504449   0.490545   -0.172466
0.341763   -0.0463578   -0.466884
-0.407351   0.411131   -0.328975
-0.213626   -0.394521   0.445293
0.137098   -0.163028   0.119321
0.479505   -0.309795   0.485999
0.106159   -0.163831   -0.352901
-0.197936   -0.19264   0.29568
-0.0544117   0.26593   -0.180562
0.316617   -0.273466   0.465868
0.128086   -0.00423727   -0.460586
0.265064   -0.0690326   0.411686
-0.0375126   0.108412   0.160858
-0.0341615   0.290167   0.0070968
0.0107246   -0.225845   -0.00579887
0.401637   0.0498795   0.058991
-0.0562683   -0.178432   0.298797
-0.0261428   -0.229693   -0.0872039
0.463573   -0.0924861   0.143072
-0.344188   0.0745858   -0.457022
-0.279241   -0.0184935   -0.358744
-0.391697   0.440612   -0.110464
0.0989011   -0.372704   -0.30586
-0.322665   0.25472   0.0947229
-0.348468   -0.479151   -0.134108
-0.426125   0.332286   -0.339901
0.41031   -0.119031   -0.337575
-0.217375   -0.0202523   -0.27967
0.10646   0.325399   0.383681
0.271532   0.132   -0.388432
-0.114808   -0.0746138   -0.375755
0.20288   -0.370126   -0.258816
0.0833681   0.416459   -0.421252
-0.0485487   -0.0649837   0.284811
-0.161863   -0.0683421   0.200182
-0.496548   -0.374596   0.187684
0.0409338   -0.425399   0.0576833
0.147024   -0.440437   -0.308466
0.108445   -0.493618   -0.167172
0.424329   0.0580618   0.212424
-0.0178195   0.299088   0.289716
-0.275677   -0.486375   -0.310909
-0.101086   -0.242092   0.0563678
0.164519   -0.25741   -0.000830258
0.258074   -0.117634   0.331372
0.433832   0.424191   -0.27251
-0.169112   -0.35352   0.307712
-0.195685   0.274704   -0.432933
-0.0116048   -0.417631   -0.283899
0.396666   0.267785   -0.239067
0.383224   -0.306998   -0.342364
-0.117975   0.0309516   0.213942
-0.253466   -0.468169   -0.431513
-0.350019   0.128444   -0.387662
0.457439   0.252152   0.297181
-0.196916   0.0751399   -0.115407
-0.359053   0.184924   -0.475193
-0.283992   0.202333   0.17177
0.457774   0.180556   0.194493
0.374212   0.276088   -0.120876
-0.287797   -0.130239   0.327429
0.383575   -0.153741   0.101535
0.0750225   -0.143516   0.450765
-0.325873   -0.383609   -0.436017
-0.465555   -0.34732   0.339074
0.487847   0.0153875   -0.204679
-0.285205   -0.388061   -0.301264
0.0471735   -0.103263   0.339512
0.0423051   -0.312813   0.0137386
-0.344165   -0.306881   -0.267846
0.440169   -0.337256   -0.29781
-0.137735   -0.482453   -0.0572292
-0.239523   -0.481114   -0.0910209
-0.219069   -0.224357   0.413645
-0.0991103   0.238716   -0.266041
0.162755   0.38132   0.478332
-0.393941   0.254677   -0.425611
-0.494438   0.203387   -0.266594
0.113663   -0.369887   -0.393885
-0.108461   -0.404048   0.283866
-0.021522   -0.466667   -0.352437
-0.343066   -0.347699   -0.186651
-0.275259   0.256083   -0.138904
-0.179174   -0.305504   0.189714
-0.0924467   0.052914   0.117812
0.284688   -0.455866   0.192161
0.287994   -0.232355   -0.00447937
0.264111   0.433919   0.0503299
-0.488382   -0.0412938   -0.0253009
-0.39586   -0.250627   -0.328924
-0.424346   -0.416129   -0.361922
-0.0421688   0.420118   -0.232903
-0.189971   0.450858   -0.480379
0.275931   0.130459   -0.26633
0.447183   -0.0887613   0.27874
-0.121035   0.448471   0.0184865
-0.478693   0.155573   0.166467
-0.253877   0.40817   -0.0179498
0.0631515   0.32216   -0.156315
0.170784   0.16076   0.466519
0.0367413   0.430772   -0.193182
0.267455   0.0570113   0.443316
0.0284855   0.287326   0.173849
