-0.173429   -0.261695   0.260792
-0.303641   -0.357704   -0.116645
0.285687   -0.165609   -0.49028
0.388202   -0.238802   -0.304224
-0.297698   0.0540957   0.019592
-0.0505263   0.490607   -0.172436
0.341776   -0.046374   -0.46682
-0.407337   0.411146   -0.329058
-0.213624   -0.394571   0.445316
0.137087   -0.163019   0.119274
0.479489   -0.309774   0.486047
0.106173   -0.163856   -0.352898
-0.197882   -0.192647   0.295622
-0.054416   0.265906   -0.180593
0.316625   -0.273516   0.465837
0.128006   -0.00427178   -0.460582
0.265069   -0.0691132   0.411701
-0.0375237   0.108345   0.160897
-0.0341225   0.290051   0.00707302
0.0106909   -0.225817   -0.00574108
0.401666   0.0498404   0.0589437
-0.0562567   -0.178422   0.298676
-0.0261284   -0.229629   -0.0871958
0.463663   -0.0924358   0.143058
-0.344196   0.0746066   -0.456959
-0.279268   -0.0184815   -0.358749
-0.391717   0.440583   -0.11038
0.0988614   -0.372673   -0.305782
-0.322694   0.254625   0.0947204
-0.348455   -0.479172   -0.134165
-0.426114   0.332279   -0.339888
0.410312   -0.118989   -0.337493
-0.217379   -0.0202046   -0.279719
0.106483   0.325452   0.383681
0.271442   0.131963   -0.388442
-0.114808   -0.0745806   -0.375741
0.202837   -0.370084   -0.258856
0.0834136   0.416472   -0.421232
-0.0485917   -0.0650262   0.28479
-0.16191   -0.0683172   0.200191
-0.496567   -0.37466   0.187644
0.0409499   -0.425429   0.0576779
0.14709   -0.440462   -0.308503
0.10844   -0.493677   -0.167198
0.424259   0.0579655   0.212388
-0.0177927   0.299077   0.289694
-0.275608   -0.486336   -0.310904
-0.101054   -0.242099   0.0563659
0.164538   -0.257442   -0.000845974
0.258054   -0.117615   0.331306
0.433895   0.424149   -0.272522
-0.169017   -0.353531   0.307746
-0.195606   0.274728   -0.432945
-0.0115839   -0.417679   -0.283932
0.396681   0.267892   -0.239042
0.383286   -0.306923   -0.342326
-0.118038   0.0310088   0.213969
-0.253412   -0.468135   -0.431538
-0.350052   0.128409   -0.387564
0.457431   0.252262   0.297201
-0.196849   0.0751526   -0.115396
-0.359033   0.184922   -0.475204
-0.283895   0.202375   0.171761
0.457782   0.180544   0.194488
0.374175   0.276066   -0.120912
-0.287902   -0.130288   0.327441
0.383572   -0.153772   0.101525
0.0750219   -0.14347   0.450737
-0.325848   -0.383663   -0.436032
-0.465541   -0.347263   0.339039
0.487834   0.0153437   -0.204652
-0.285177   -0.388115   -0.301209
0.0471041   -0.103216   0.33945
0.0423078   -0.312821   0.0137437
-0.344211   -0.306801   -0.267832
0.440169   -0.337214   -0.297712
-0.137753   -0.482414   -0.0572954
-0.239451   -0.4811   -0.0909804
-0.219088   -0.224354   0.413587
-0.099058   0.238737   -0.266051
0.162798   0.381293   0.478322
-0.393936   0.254691   -0.425569
-0.494465   0.203317   -0.266638
0.113625   -0.369869   -0.39392
-0.108438   -0.404021   0.283878
-0.021563   -0.466548   -0.352471
-0.343015   -0.34771   -0.186605
-0.27527   0.256046   -0.138898
-0.179198   -0.305549   0.189669
-0.0924586   0.0529796   0.117781
0.284705   -0.455855   0.192171
0.287955   -0.23229   -0.00444623
0.264117   0.43399   0.0503695
-0.488423   -0.0412687   -0.0252425
-0.395874   -0.25063   -0.328937
-0.424444   -0.416137   -0.361905
-0.0422429   0.420135   -0.232891
-0.189981   0.45082   -0.480398
0.27586   0.130414   -0.266338
0.447192   -0.0888362   0.278725
-0.121036   0.448477   0.0185739
-0.478691   0.155591   0.166478
-0.253883   0.408208   -0.0179858
0.0631183   0.322127   -0.156358
0.170857   0.160775   0.466486
0.03675   0.430774   -0.193155
0.267446   0.0570059   0.44332
0.0285361   0.287273   0.173827
