1.20449
1.20869
1.212
1.21414
1.21493
1.21434
1.21257
1.21001
1.20725
1.20491
1.20353
1.20335
1.20431
1.20606
1.20817
1.21025
1.21202
1.21329
1.21392
1.2138
1.21281
1.21091
1.20814
1.20467
1.20078
1.1968
1.19309
1.18996
1.18766
1.18636
1.18619
1.18719
1.18933
1.19253
1.19661
1.20131
1.20637
1.21151
1.2165
1.22115
1.22535
1.22901
1.23213
1.23471
1.23679
1.23843
1.2397
1.24068
1.24145
1.24208
1.24263
1.24316
1.24369
1.24419
1.24463
1.2449
1.24484
1.24423
1.24277
1.24007
1.2357
1.22915
1.22
1.20802
1.19344
1.17724
1.16134
1.14833
1.14069
1.13983
1.14559
1.15641
1.16999
1.18404
1.19674
1.20698
1.21434
1.2189
1.22109
1.22153
1.22092
1.21992
1.21909
1.21877
1.21913
1.22013
1.22158
1.22326
1.22493
1.22637
1.22741
1.22795
1.2279
1.2272
1.22582
1.22376
1.22101
1.2176
1.21359
1.20905
1.20414
1.19904
1.19401
1.18932
1.18527
1.18214
1.18014
1.1794
1.17994
1.18164
1.18431
1.18768
1.19148
1.19543
1.19929
1.20287
1.20601
1.20861
1.21062
1.21204
1.21291
1.21331
1.21335
1.21311
1.21271
1.21221
1.21167
1.21111
1.21053
1.20992
1.20925
1.2085
1.20765
1.20674
1.20583
1.20502
1.20441
1.2041
1.20414
1.20453
1.2052
1.20603
1.20688
1.20764
1.20819
1.20845
1.20831
1.20768
1.20646
1.20457
1.20206
1.19908
1.19595
1.19314
1.19112
1.19029
1.19088
1.19285
1.19601
1.20002
1.2045
1.20905
1.21333
1.2171
1.22021
1.22259
1.22422
1.22514
1.22535
1.2249
1.22379
1.22205
1.21972
1.21691
1.21378
1.21058
1.20764
1.20528
1.20379
1.2033
1.2038
1.20512
1.20703
1.20927
1.21158
1.21374
1.21554
1.21678
1.21728
1.21692
1.21568
1.21366
1.21117
1.20872
1.20686
1.20606
1.20653
1.20813
1.21046
1.21308
1.2156
1.21776
1.2194
1.22039
1.22067
1.22016
1.21887
1.21683
1.21417
1.2111
1.20788
1.2048
1.20214
1.20013
1.19894
1.19864
1.19922
1.20056
1.2024
1.20445
1.20636
1.20783
1.20871
1.20896
1.20875
1.20843
1.20844
1.20925
1.21115
1.21414
1.21793
1.22205
1.22603
1.22949
1.23219
1.23405
1.23505
1.23526
1.23471
1.23347
1.23156
1.22903
1.22589
1.22216
1.2179
1.21317
1.2081
1.20283
1.19755
1.19245
1.18774
1.18356
1.18003
1.17724
1.17527
1.17416
1.17397
1.17471
1.17633
1.17874
1.18177
1.18519
1.18878
1.19228
1.19549
1.19827
1.2005
1.20213
1.20313
1.20353
1.20337
1.20276
1.20183
1.20076
1.19973
1.19895
1.19857
1.19867
1.19923
1.20019
1.2014
1.20271
1.20398
1.20513
1.20607
1.20679
1.20728
1.20756
1.20764
1.20755
1.2073
1.2069
1.20637
1.2057
1.20489
1.20396
1.20291
1.20177
1.20059
1.19946
1.19849
1.19777
1.19742
1.19748
1.19796
1.1988
1.19989
1.20111
1.20234
1.2035
1.20454
1.20544
1.20622
1.20689
1.20749
1.20803
1.20852
1.20896
1.20934
1.20965
1.20987
1.21001
1.21008
1.21011
1.21014
1.21022
1.21038
1.21067
1.21112
1.21173
1.21249
1.21339
1.21438
1.21543
1.21651
1.21759
1.21866
1.2197
1.22072
1.22175
1.22278
1.22385
1.22498
1.22618
1.22745
1.22882
1.23027
1.2318
1.2334
1.23502
1.23664
1.2382
1.23964
1.2409
1.24192
1.24264
1.24299
1.24293
1.24242
1.24144
1.24001
1.23815
1.23592
1.2334
1.23071
1.22793
1.22517
1.22249
1.2199
1.21742
1.21503
1.21281
1.21097
1.20991
1.2102
1.21235
1.21661
1.22276
1.2301
1.23768
1.24458
1.24999
1.2533
1.254
1.25177
1.24655
1.23877
1.22967
1.2213
1.21612
1.21594
1.22101
1.22987
1.24024
1.25006
1.25807
1.26377
1.26714
1.2684
1.26779
1.26558
1.26209
1.25777
1.25322
1.24924
1.24663
1.24595
1.24738
1.25061
1.25502
1.25987
1.26448
1.26838
1.27131
1.27319
1.27407
1.27406
1.27334
1.27208
1.27046
1.26862
1.26669
1.26473
1.2628
1.26088
1.25896
1.25699
1.25495
1.25284
1.25068
1.24856
1.24663
1.24505
1.24402
1.24369
1.24414
1.24537
1.24726
1.24966
1.25237
1.2552
1.258
1.26065
1.26305
1.26515
1.26691
1.26829
1.26928
1.26986
1.27004
1.26982
1.26924
1.26835
1.26726
1.26609
1.26501
1.2642
1.26383
1.26399
1.26474
1.26599
1.26758
1.26927
1.27076
1.27177
1.27203
1.27128
1.2693
1.26592
1.26115
1.25528
1.24907
1.24371
1.24049
1.24016
1.2425
1.24646
1.25078
1.25455
1.25735
1.25917
1.26019
1.2606
1.26056
1.2601
1.25919
1.25775
1.25571
1.25299
1.24956
1.24546
1.24076
1.23558
1.2301
1.22449
1.21901
1.21396
1.20977
1.20696
1.20603
1.20731
1.21075
1.21592
1.22211
1.22855
1.23461
1.23988
1.24421
1.24762
1.25025
1.25227
1.25385
1.25514
1.25623
1.25715
1.25792
1.25852
1.25892
1.2591
1.25905
1.25879
1.2583
1.25763
1.25677
1.25576
1.2546
1.25332
1.25192
1.25041
1.24879
1.24708
1.24528
1.24341
1.24153
1.23967
1.23793
1.23638
1.2351
1.23416
1.23361
1.23344
1.2336
1.23402
1.2346
1.23523
1.23577
1.23612
1.23611
1.23561
1.23447
1.23257
1.22991
1.22668
1.22339
1.22077
1.21965
1.22047
1.22306
1.22666
1.23019
1.23273
1.23369
1.23291
1.23059
1.22726
1.2236
1.22031
1.21788
1.21655
1.21634
1.21717
1.21889
1.22128
1.22405
1.22689
1.22948
1.23166
1.23334
1.23457
1.23543
1.23606
1.23656
1.23704
1.23757
1.23819
1.23889
1.23967
1.24049
1.24131
1.2421
1.24281
1.24344
1.24396
1.24438
1.24469
1.24491
1.24501
1.245
1.24482
1.24441
1.24369
1.24255
1.24093
1.23882
1.23636
1.2338
1.23158
1.23013
1.22983
1.23077
1.2328
1.23559
1.23876
1.242
1.24511
1.24795
1.25041
1.25236
1.25366
1.25416
1.25372
1.25225
1.24973
1.24621
1.24184
1.23686
1.23161
1.22647
1.22186
1.21821
1.21582
1.21478
1.21492
1.21585
1.21711
1.21824
1.21894
1.21914
1.21903
1.21905
1.2197
1.22135
1.22405
1.22755
1.23144
1.23533
1.23893
1.24213
1.24495
1.24744
1.24968
1.25171
1.25351
1.25506
1.25634
1.25732
1.25801
1.25842
1.25857
1.25849
1.25818
1.25766
1.25692
1.25592
1.25463
1.25302
1.25102
1.24861
1.24574
1.2424
1.23859
1.23438
1.22984
1.22514
1.22051
1.21624
1.21267
1.21011
1.20882
1.2089
1.21028
1.21274
1.21598
1.21964
1.22341
1.22704
1.23033
1.23321
1.23562
1.23758
1.23912
1.24032
1.24122
1.24188
1.24233
1.24259
1.24268
1.2426
1.24233
1.2419
1.24129
1.24051
1.23959
1.23853
1.23736
1.2361
1.23479
1.23343
1.23206
1.23069
1.22936
1.22807
1.22689
1.22587
1.2251
1.22465
1.2246
1.225
1.22584
1.2271
1.22869
1.23052
1.23248
1.23449
1.23646
1.23831
1.24
1.24149
1.24274
1.24375
1.24449
1.24497
1.24517
1.2451
1.24476
1.24415
1.24329
1.24219
1.24088
1.23941
1.23782
1.23619
1.23462
1.23319
1.232
1.2311
1.23051
1.23018
1.22997
1.22971
1.22924
1.22843
1.22724
1.22575
1.22413
1.22259
1.22134
1.2205
1.22015
1.22031
1.22104
1.2224
1.22444
1.22717
1.23049
1.23417
1.23787
1.24119
1.24371
1.24504
1.24486
1.24294
1.23913
1.23341
1.22594
1.21709
1.2075
1.1981
1.19004
1.18447
1.18217
1.18323
1.18707
1.19272
1.19922
1.20582
1.21206
1.21768
1.22253
1.22656
1.22977
1.23226
1.23416
1.23562
1.23682
1.23789
1.23891
1.23996
1.24103
1.24213
1.24323
1.2443
1.24533
1.24633
1.24735
1.24841
1.24956
1.25081
1.25213
1.25346
1.25469
1.25566
1.2562
1.25608
1.25507
1.2529
1.24929
1.24395
1.23667
1.22741
1.21646
1.20458
1.19294
1.18293
1.17582
1.17248
1.17318
1.17747
1.18425
1.19209
1.19971
1.20628
1.21155
1.21577
1.21951
1.2234
1.22788
1.233
1.23844
1.24368
1.24823
1.25174
1.25403
1.25508
1.25497
1.25381
1.25174
1.24892
1.2455
1.24168
1.23765
1.23362
1.2298
1.22639
1.22358
1.22154
1.22041
1.22032
1.22124
1.22305
1.2255
1.22825
1.23101
1.23353
1.23566
1.23736
1.23861
1.23943
1.23983
1.23983
1.23946
1.23872
1.23765
1.23623
1.23445
1.23225
1.22951
1.2261
1.22192
1.2169
1.21112
1.20476
1.19814
1.19158
1.18536
1.1797
1.1748
1.17098
1.16874
1.1687
1.17136
1.17681
1.18452
1.19346
1.2024
1.21032
1.2166
1.22104
1.22369
1.22478
1.22452
1.22312
1.22074
1.21744
1.21326
1.2082
1.20232
1.19581
1.18906
1.18269
1.17746
1.17406
1.17281
1.17362
1.17597
1.17921
1.18275
1.18615
1.18916
1.19165
1.1936
1.19501
1.19591
1.19636
1.19639
1.19604
1.19533
1.19429
1.19294
1.19129
1.18937
1.18721
1.18484
1.18232
1.1797
1.17707
1.17451
1.1721
1.16993
1.16807
1.16661
1.1656
1.16509
1.16513
1.16573
1.16688
1.16851
1.17054
1.17285
1.17532
1.17783
1.18029
1.18262
1.18478
1.18674
1.1885
1.19008
1.1915
1.19277
1.19391
1.19493
1.19582
1.19653
1.19702
1.19716
1.19681
1.1958
1.19394
1.19107
1.1872
1.18258
1.1778
1.17371
1.17109
1.17024
1.17072
1.17159
1.17186
1.17092
1.1687
1.16562
1.16233
1.15943
1.15724
1.15575
1.15491
1.15472
1.15532
1.15682
1.15912
1.16188
1.1647
1.16729
1.16962
1.17186
1.17428
1.17708
1.18032
1.18391
1.18765
1.19135
1.19482
1.19795
1.20063
1.20282
1.20448
1.20557
1.20609
1.20606
1.20552
1.20455
1.20327
1.20182
1.20035
1.19904
1.198
1.19734
1.19705
1.1971
1.19737
1.19774
1.19805
1.19816
1.19796
1.19735
1.19627
1.19467
1.19252
1.1898
1.18651
1.18269
1.17839
1.17377
1.16904
1.16452
1.16057
1.15758
1.15584
1.1555
1.1565
1.1586
1.16146
1.16474
1.16815
1.17149
1.17467
1.17762
1.18032
1.18274
1.18484
1.18659
1.18796
1.18894
1.18952
1.18973
1.18962
1.18925
1.18869
1.18802
1.1873
1.18659
1.18591
1.18529
1.18472
1.18416
1.1836
1.18301
1.18237
1.18169
1.18098
1.18029
1.17963
1.17907
1.17864
1.17836
1.17824
1.17826
1.17841
1.17862
1.17886
1.17906
1.17916
1.17912
1.17887
1.17839
1.17765
1.17662
1.17528
1.17365
1.17172
1.16951
1.16708
1.16453
1.16206
1.15994
1.15853
1.1582
1.15916
1.16139
1.16462
1.16834
1.17204
1.17529
1.17781
1.17953
1.18055
1.18106
1.18133
1.18163
1.18219
1.18312
1.18441
1.18594
1.18754
1.18903
1.19022
1.19099
1.19128
1.19102
1.19023
1.18893
1.18717
1.18505
1.18273
1.18041
1.17832
1.1767
1.17573
1.17547
1.17587
1.17673
1.17784
1.17894
1.17985
1.18043
1.18063
1.18045
1.17992
1.17911
1.17807
1.17686
1.17548
1.17391
1.17206
1.16983
1.16713
1.16401
1.16073
1.15785
1.15611
1.15615
1.15822
1.16195
1.16656
1.17121
1.17524
1.17832
1.18042
1.18168
1.1823
1.18249
1.18243
1.18222
1.18188
1.18138
1.18068
1.17973
1.17852
1.17709
1.17555
1.17404
1.17273
1.17177
1.17125
1.17118
1.1715
1.17208
1.17279
1.17349
1.17412
1.17462
1.17499
1.17523
1.17537
1.17543
1.17542
1.17537
1.17526
1.17512
1.17497
1.17484
1.17477
1.17481
1.17502
1.17542
1.17603
1.17683
1.17781
1.17891
1.1801
1.18133
1.18258
1.18384
1.18513
1.18643
1.18778
1.18915
1.19056
1.19196
1.19331
1.19456
1.19562
1.19644
1.19693
1.19707
1.19687
1.19642
1.19592
1.19561
1.19577
1.19658
1.19809
1.20011
1.20228
1.20417
1.20532
1.20537
1.20409
1.20145
1.1977
1.19338
1.18933
1.18659
1.18607
1.18827
1.19307
1.19974
1.20726
1.21466
1.22124
1.22661
1.23069
1.23352
1.23526
1.23608
1.23614
1.23563
1.23472
1.23358
1.23243
1.23144
1.23081
1.23064
1.23102
1.23191
1.23322
1.23483
1.23656
1.23826
1.2398
1.24111
1.24215
1.24291
1.24342
1.24372
1.24386
1.24388
1.24383
1.24375
1.24371
1.24379
1.24409
1.24472
1.24579
1.24736
1.2494
1.25178
1.25428
1.25658
1.25835
1.25924
1.25898
1.25736
1.25433
1.25001
1.24476
1.23913
1.2338
1.22943
1.22638
1.22469
1.22405
1.22403
1.22425
1.22453
1.22489
1.22549
1.22656
1.22823
1.23053
1.23333
1.23633
1.23921
1.24166
1.24345
1.24448
1.24474
1.24435
1.24346
1.24227
1.24097
1.23972
1.23866
1.23782
1.23719
1.2367
1.23626
1.23576
1.23513
1.23434
1.23341
1.23245
1.23156
1.23088
1.23049
1.23044
1.2307
1.23121
1.23188
1.2326
1.2333
1.23393
1.23449
1.23496
1.23537
1.23573
1.23607
1.23639
1.23671
1.23701
1.23729
1.23753
1.23772
1.23782
1.2378
1.23763
1.23725
1.2366
1.23561
1.2342
1.23228
1.22979
1.22669
1.22302
1.21898
1.21486
1.21109
1.20809
1.2061
1.20511
1.20482
1.20481
1.20469
1.20421
1.20337
1.20232
1.20133
1.20068
1.2006
1.2012
1.20246
1.20425
1.20637
1.20853
1.21043
1.21171
1.21205
1.21117
1.20894
1.20554
1.20152
1.19789
1.19587
1.19639
1.19961
1.20486
1.21103
1.2171
1.22242
1.2267
1.22994
1.23226
1.23381
1.23474
1.23518
1.23524
1.23502
1.23458
1.234
1.23334
1.23264
1.23196
1.23134
1.2308
1.23036
1.23002
1.22977
1.22956
1.22933
1.22899
1.22839
1.22741
1.2259
1.22372
1.22083
1.21734
1.21352
1.20985
1.20692
1.20516
1.20473
1.20539
1.20668
1.20811
1.2094
1.2105
1.21155
1.21282
1.21453
1.21683
1.21971
1.22305
1.22664
1.23022
1.23356
1.23648
1.23886
1.24063
1.24177
1.24233
1.24239
1.24209
1.24155
1.24092
1.24028
1.23966
1.23899
1.23819
1.23714
1.23585
1.23444
1.23321
1.23254
1.23279
1.23411
1.23641
1.23936
1.24254
1.24557
1.24821
1.25033
1.25192
1.25303
1.25373
1.25412
1.25429
1.25428
1.25417
1.25398
1.25374
1.25345
1.25311
1.25271
1.25224
1.25167
1.25099
1.25017
1.24922
1.24814
1.24696
1.24576
1.2446
1.24358
1.24281
1.24235
1.24226
1.24256
1.2432
1.24411
1.24519
1.24634
1.24745
1.24847
1.24934
1.25006
1.25065
1.25112
1.25151
1.25184
1.25213
1.25236
1.25255
1.25266
1.25268
1.25259
1.25237
1.25202
1.25149
1.25074
1.24967
1.24814
1.24595
1.24285
1.23858
1.23306
1.22657
1.22005
1.21507
1.21332
1.21565
1.2215
1.22924
1.23712
1.244
1.2494
1.25333
1.25601
1.25773
1.25873
1.2592
1.2593
1.2591
1.25865
1.258
1.25714
1.25607
1.25478
1.2533
1.25164
1.24987
1.24807
1.24638
1.2449
1.24372
1.24288
1.24235
1.24206
1.24193
1.2419
1.24199
1.24224
1.24269
1.2433
1.24396
1.24445
1.24454
1.24403
1.24286
1.24112
1.23909
1.2371
1.23542
1.23414
1.23313
1.23208
1.23069
1.22877
1.22636
1.22372
1.2213
1.21964
1.21921
1.22026
1.22278
1.2265
1.23099
1.23575
1.24039
1.24458
1.24815
1.25103
1.25325
1.2549
1.25608
1.25692
1.25756
1.2581
1.25861
1.25916
1.25976
1.26039
1.26103
1.26162
1.26214
1.26256
1.26289
1.26318
1.26349
1.26385
1.26426
1.26462
1.26471
1.26427
1.26302
1.26075
1.25743
1.25327
1.24862
1.244
1.23992
1.23688
1.23515
1.23469
1.23513
1.23594
1.23681
1.23777
1.23906
1.24085
1.24316
1.24583
1.24867
1.2515
1.25422
1.25674
1.25901
1.26097
1.26256
1.26374
1.2645
1.26483
1.26476
1.26435
1.26371
1.26298
1.2623
1.26182
1.26164
1.26182
1.26232
1.26306
1.26386
1.26452
1.26479
1.2644
1.26304
1.26042
1.25627
1.25041
1.24296
1.2345
1.22624
1.21991
1.2171
1.21843
1.22321
1.22988
1.23688
1.24313
1.24817
1.25193
1.25459
1.25638
1.25759
1.25847
1.25926
1.26013
1.26123
1.26259
1.2642
1.26596
1.26772
1.26931
1.27056
1.27133
1.27153
1.27111
1.27011
1.26862
1.26683
1.26494
1.26314
1.26155
1.26015
1.25881
1.25732
1.25548
1.25315
1.25032
1.24709
1.24363
1.24012
1.2367
1.23347
1.2305
1.22792
1.22592
1.22475
1.22459
1.22552
1.22744
1.23015
1.2334
1.23692
1.24051
1.244
1.24724
1.25014
1.25264
1.25469
1.25631
1.25747
1.2582
1.25849
1.25832
1.25764
1.25638
1.25442
1.25166
1.248
1.24346
1.23825
1.23284
1.2279
1.22414
1.22202
1.22151
1.22219
1.22345
1.22486
1.2262
1.22748
1.22876
1.23006
1.23126
1.23218
1.23261
1.23237
1.23135
1.22955
1.22705
1.224
1.22064
1.21725
1.21408
1.21129
1.20885
1.2066
1.20433
1.20193
1.19963
1.19794
1.19746
1.19851
1.2008
1.2035
1.20557
1.20616
1.20485
1.20183
1.19793
1.19443
1.19267
1.19338
1.19637
1.20067
1.20512
1.20887
1.21148
1.2129
1.21328
1.21288
1.21198
1.21087
1.2098
1.20897
1.20852
1.20848
1.20882
1.20939
1.21004
1.21057
1.21079
1.21056
1.20977
1.20836
1.20632
1.20368
1.20058
1.19715
1.19361
1.19017
1.18704
1.1844
1.18239
1.18114
1.18071
1.18116
1.18248
1.18457
1.18724
1.1902
1.19316
1.1958
1.19788
1.19928
1.2
1.2002
1.2001
1.20001
1.2002
1.20086
1.20203
1.20363
1.20547
1.20734
1.209
1.21029
1.21113
1.21154
1.21162
1.21158
1.21167
1.21212
1.21311
1.21465
1.21662
1.21881
1.22094
1.22279
1.22419
1.22509
1.2255
1.22551
1.22526
1.22491
1.22462
1.22452
1.2247
1.22517
1.22587
1.2267
1.22749
1.22807
1.22828
1.22798
1.22705
1.22547
1.2233
1.22069
1.21795
1.21546
1.2136
1.21268
1.21283
1.21393
1.21573
1.21791
1.2202
1.22245
1.22458
1.22661
1.22854
1.23038
1.2321
1.2336
1.23478
1.23552
1.23573
1.23532
1.23427
1.23257
1.23027
1.22746
1.22426
1.22087
1.21748
1.21433
1.21163
1.20953
1.20816
1.2076
1.20793
1.2092
1.21141
1.21444
1.21803
1.22179
1.22532
1.22828
1.2304
1.23154
1.23165
1.23079
1.22906
1.22666
1.22382
1.22083
1.21798
1.21555
1.21375
1.21275
1.21261
1.21337
1.21496
1.21716
1.21965
1.22198
1.22369
1.22434
1.22365
1.22154
1.21822
1.21424
1.21048
1.2079
1.20719
1.20843
1.2111
1.21431
1.2172
1.21919
1.21995
1.21938
1.2175
1.2144
1.21032
1.20563
1.20095
1.19709
1.19486
1.19473
1.19659
1.19975
1.20322
1.20603
1.20748
1.20717
1.20498
1.20107
1.19588
1.19003
1.18428
1.1793
1.17557
1.17341
1.17301
1.17449
1.17765
1.18196
1.18662
1.1909
1.19428
1.19654
1.19772
1.19799
1.19758
1.19674
1.19569
1.19463
1.1937
1.19299
1.19257
1.19244
1.19259
1.19298
1.19357
1.19428
1.19506
1.19587
1.19664
1.19735
1.19796
1.19847
1.19887
1.19915
1.19935
1.19948
1.19956
1.19963
1.19971
1.19983
1.20002
1.2003
1.20068
1.20117
1.20177
1.2025
1.20333
1.20426
1.20524
1.20623
1.20716
1.20797
1.20854
1.20878
1.20855
1.20774
1.20621
1.20386
1.20058
1.19631
1.19106
1.18495
1.17824
1.17137
1.16486
1.1592
1.1548
1.15204
1.1514
1.15345
1.15847
1.166
1.1749
1.18377
1.19148
1.19741
1.20136
1.20344
1.20392
1.20312
1.20144
1.19929
1.19711
1.19526
1.19404
1.19353
1.19364
1.19414
1.19473
1.19514
1.1952
1.19485
1.19411
1.19312
1.19202
1.191
1.19021
1.18975
1.18965
1.18989
1.19037
1.19099
1.19163
1.19221
1.19267
1.193
1.19319
1.19329
1.19332
1.19333
1.19332
1.19332
1.19329
1.19322
1.19306
1.19276
1.19228
1.19158
1.19064
1.18946
1.18807
1.18657
1.18509
1.18382
1.18298
1.18278
1.18333
1.18465
1.18659
1.18893
1.19136
1.1936
1.19539
1.19658
1.19707
1.19687
1.19608
1.19492
1.19368
1.19267
1.19219
1.1924
1.1933
1.19473
1.19638
1.19794
1.1992
1.2001
1.20079
1.20161
1.20297
1.20516
1.20827
1.21209
1.21625
1.22032
1.22394
1.22688
1.22901
1.23028
1.2307
1.23031
1.22918
1.22738
1.22507
1.22238
1.2195
1.21655
1.21361
1.2107
1.20778
1.2048
1.20176
1.19871
1.19575
1.19298
1.19052
1.18851
1.1871
1.18638
1.18638
1.18701
1.1881
1.18948
1.19107
1.19287
1.19498
1.19753
1.20059
1.20413
1.20805
1.21213
1.21612
1.21976
1.22284
1.22523
1.22685
1.22774
1.22799
1.22775
1.22719
1.22649
1.22577
1.2251
1.22449
1.22391
1.22329
1.22256
1.22168
1.22062
1.21937
1.21794
1.21638
1.21471
1.21298
1.21122
1.20944
1.20767
1.20589
1.20409
1.20223
1.20027
1.19815
1.19585
1.19332
1.19057
1.18763
1.18458
1.18153
1.17864
1.17607
1.17396
1.17242
1.17151
1.17124
1.17155
1.17239
1.17367
1.17527
1.1771
1.17904
1.18097
1.18279
1.1844
1.18576
1.18679
1.18748
1.18781
1.18777
1.18736
1.1866
1.18548
1.18401
1.18221
1.1801
1.17771
1.17508
1.1723
1.16948
1.16677
1.16436
1.16243
1.16113
1.16058
1.16078
1.16168
1.16313
1.16497
1.16702
1.16912
1.17117
1.17307
1.17476
1.17623
1.17746
1.17843
1.17916
1.17963
1.17986
1.17982
1.17951
1.17891
1.17799
1.17675
1.17521
1.17342
1.1715
1.16964
1.16806
1.16698
1.16654
1.16675
1.16745
1.16837
1.16919
1.16964
1.16951
1.16868
1.16714
1.16497
1.1623
1.15935
1.15638
1.15366
1.15144
1.1499
1.14913
1.14913
1.14982
1.15109
1.15286
1.15506
1.15763
1.16054
1.16373
1.16713
1.17065
1.17421
1.17771
1.18107
1.18423
1.18714
1.18976
1.19207
1.19405
1.1957
1.197
1.19796
1.19857
1.19882
1.19869
1.19818
1.19728
1.19601
1.19442
1.19258
1.19062
1.18873
1.18713
1.18601
1.18553
1.18578
1.18669
1.18815
1.18992
1.19178
1.19349
1.19484
1.19569
1.19592
1.19548
1.19438
1.19272
1.19067
1.18845
1.18629
1.18439
1.18281
1.18147
1.18024
1.179
1.17778
1.17681
1.17646
1.17707
1.17885
1.18173
1.18539
1.18942
1.19342
1.19709
1.20027
1.20292
1.20505
1.20673
1.208
1.20894
1.20958
1.20995
1.21006
1.20991
1.20948
1.20876
1.20774
1.20644
1.20489
1.20317
1.20143
1.19984
1.19861
1.19791
1.19788
1.19852
1.19977
1.20146
1.20338
1.20533
1.20718
1.20881
1.21017
1.21124
1.21204
1.21256
1.21285
1.21292
1.21279
1.21249
1.21207
1.21156
1.21105
1.21062
1.21037
1.2104
1.21078
1.21153
1.2126
1.2139
1.21526
1.21651
1.21747
1.218
1.21799
1.21735
1.21604
1.21403
1.21134
1.20803
1.20421
1.20005
1.19575
1.1915
1.18744
1.18362
1.17995
1.17631
1.17255
1.16868
1.16496
1.16196
1.16039
1.16082
1.16337
1.16762
1.1729
1.17854
1.18405
1.18918
1.1938
1.19784
1.20129
1.20418
1.20652
1.20837
1.2098
1.21086
1.21161
1.21212
1.21244
1.2126
1.21265
1.21259
1.21244
1.21221
1.2119
1.21151
1.21103
1.21045
1.20977
1.20898
1.20809
1.2071
1.20601
1.20483
1.20357
1.20221
1.20076
1.19917
1.1974
1.19536
1.19292
1.18995
1.18627
1.18172
1.1762
1.16975
1.16268
1.15561
1.14952
1.14557
1.1447
1.14714
1.15227
1.15882
1.16554
1.17169
1.17716
1.18222
1.18721
1.19225
1.19723
1.20185
1.20583
1.20896
1.21114
1.21234
1.21257
1.21186
1.21021
1.20764
1.20418
1.19995
1.19516
1.19022
1.18566
1.1821
1.18003
1.17961
1.18061
1.18248
1.18463
1.18658
1.18809
1.18914
1.18984
1.1904
1.19099
1.19175
1.19276
1.19405
1.1956
1.19736
1.19931
1.20146
1.2038
1.20633
1.20898
1.21165
1.21417
1.21638
1.21811
1.21923
1.21962
1.21918
1.21786
1.21559
1.21238
1.20826
1.20341
1.19812
1.19283
1.18812
1.18458
1.18269
1.18266
1.18437
1.18742
1.19124
1.19524
1.19893
1.20198
1.2042
1.20555
1.20608
1.20591
1.20519
1.20412
1.20285
1.20151
1.20017
1.19884
1.19747
1.19598
1.19433
1.19261
1.19104
1.19003
1.19004
1.19143
1.19425
1.19822
1.20282
1.20747
1.21172
1.21531
1.21812
1.22018
1.22157
1.22238
1.22272
1.22268
1.22233
1.22171
1.22087
1.2198
1.21851
1.21696
1.21515
1.21304
1.21065
1.20803
1.20526
1.20252
1.20002
1.19797
1.19657
1.19593
1.19606
1.19687
1.19824
1.19999
1.20194
1.20391
1.20572
1.2072
1.20819
1.20862
1.20847
1.20781
1.20678
1.20558
1.20444
1.20356
1.20309
1.20308
1.20345
1.20406
1.20467
1.20505
1.20503
1.20457
1.20376
1.20282
1.20208
1.20185
1.20233
1.20357
1.20543
1.20767
1.21004
1.2123
1.2143
1.21594
1.21716
1.21795
1.2183
1.21822
1.21776
1.21694
1.21584
1.21452
1.21303
1.21146
1.20983
1.20817
1.20649
1.20473
1.20286
1.20078
1.19844
1.19577
1.19277
1.18955
1.18637
1.18366
1.18198
1.18185
1.18358
1.18713
1.19209
1.19787
1.20385
1.20952
1.21453
1.21872
1.22202
1.22445
1.22607
1.22695
1.22717
1.22677
1.22579
1.22427
1.2222
1.21963
1.21664
1.21339
1.21015
1.20728
1.20516
1.20408
1.20415
1.20525
1.20707
1.20927
1.21153
1.21367
1.21558
1.21727
1.21876
1.2201
1.22131
1.22241
1.22339
1.22422
1.22487
1.22533
1.22558
1.22563
1.22553
1.22534
1.22516
1.22512
1.22532
1.22585
1.22673
1.22793
1.22938
1.23095
1.23255
1.23406
1.23542
1.23661
1.23761
1.23844
1.23913
1.2397
1.24015
1.24048
1.24065
1.24059
1.24021
1.23938
1.23796
1.2358
1.23276
1.22878
1.22389
1.21828
1.21233
1.20663
1.20192
1.19888
1.19801
1.19941
1.2028
1.20761
1.21314
1.21873
1.22386
1.2282
1.23154
1.23383
1.23506
1.23533
1.23478
1.23358
1.23198
1.23024
1.22864
1.22739
1.22664
1.22638
1.22653
1.2269
1.2273
1.22759
1.22767
1.22752
1.22715
1.22661
1.22596
1.22522
1.2244
1.22344
1.22231
1.22094
1.21933
1.2175
1.21559
1.21378
1.21228
1.21128
1.21088
1.21105
1.21167
1.21258
1.21359
1.21458
1.21549
1.21629
1.21698
1.21759
1.21813
1.21862
1.21907
1.21948
1.21986
1.22019
1.22046
1.22067
1.2208
1.22085
1.2208
1.22065
1.22041
1.2201
1.21971
1.21927
1.21879
1.21828
1.21774
1.21717
1.21654
1.21583
1.21502
1.21408
1.21302
1.21184
1.21058
1.20929
1.20808
1.20703
1.20627
1.2059
1.20601
1.20665
1.20782
1.20947
1.21151
1.21382
1.21624
1.21864
1.22088
1.22287
1.22453
1.22584
1.22678
1.22739
1.2277
1.22776
1.22762
1.22733
1.22693
1.22644
1.22586
1.22513
1.22417
1.22283
1.22087
1.21798
1.21383
1.2081
1.20071
1.19207
1.18325
1.1759
1.17163
1.17113
1.17381
1.17832
1.18324
1.18756
1.19065
1.19217
1.19187
1.18958
1.18532
1.17948
1.17297
1.16726
1.16396
1.16417
1.16789
1.17413
1.18153
1.18893
1.19565
1.20141
1.20618
1.21004
1.21305
1.21529
1.21677
1.2175
1.21747
1.21664
1.21493
1.21228
1.20866
1.20427
1.19948
1.19495
1.19143
1.18961
1.18986
1.19214
1.19602
1.20082
1.20578
1.21033
1.21409
1.21691
1.21884
1.21999
1.22052
1.22059
1.22033
1.21984
1.21919
1.21844
1.21762
1.21677
1.21591
1.21507
1.21426
1.21352
1.21285
1.21227
1.21178
1.21137
1.21103
1.21073
1.21044
1.21015
1.20984
1.20948
1.20908
1.20866
1.20823
1.20784
1.20752
1.20732
1.20726
1.20736
1.20763
1.20806
1.20864
1.20935
1.21018
1.2111
1.21209
1.21307
1.214
1.21476
1.21526
1.21536
1.21496
1.21398
1.21245
1.21049
1.20838
1.20655
1.20547
1.2056
1.20719
1.21023
1.21444
1.21938
1.22455
1.22955
1.23408
1.23801
1.24128
1.24391
1.24595
1.24744
1.24842
1.24893
1.249
1.24865
1.2479
1.24677
1.24524
1.24329
1.24084
1.23777
1.23392
1.22915
1.22342
1.21688
1.20995
1.20338
1.19799
1.19442
1.1928
1.19282
1.19395
1.19575
1.19804
1.20089
1.20442
1.2087
1.21368
1.21915
1.22482
1.23036
1.23546
1.2399
1.2435
1.24616
1.24786
1.24863
1.24861
1.24801
1.24714
1.24634
1.24595
1.24619
1.24713
1.24864
1.2505
1.25242
1.25417
1.25556
1.25651
1.25698
1.257
1.25658
1.25578
1.25464
1.25316
1.25139
1.24931
1.24696
1.24436
1.24158
1.23875
1.23606
1.23369
1.23179
1.23039
1.22937
1.2285
1.22754
1.22637
1.2251
1.22407
1.22366
1.22411
1.22538
1.22714
1.22902
1.23071
1.23211
1.2333
1.2344
1.23556
1.23691
1.23858
1.24067
1.24319
1.24603
1.24895
1.25167
1.25396
1.25569
1.25682
1.25739
1.25746
1.25707
1.25623
1.25499
1.25341
1.25161
1.24973
1.24793
1.24636
1.2451
1.24413
1.24337
1.24268
1.24192
1.24102
1.23992
1.23869
1.23742
1.23623
1.23527
1.2347
1.23462
1.23514
1.23624
1.23782
1.23963
1.24135
1.24262
1.24311
1.24261
1.24106
1.23857
1.23543
1.23206
1.22897
1.22665
1.22548
1.22569
1.2273
1.23013
1.23384
1.23798
1.24213
1.24592
1.24916
1.25175
1.25373
1.2552
1.25627
1.2571
1.25782
1.2585
1.25921
1.25989
1.26042
1.26061
1.26022
1.25902
1.25681
1.2535
1.24916
1.24401
1.23849
1.23316
1.22855
1.22502
1.2226
1.22103
1.21988
1.21873
1.21729
1.21549
1.21354
1.21181
1.21078
1.2108
1.2119
1.21374
1.21573
1.21723
1.21776
1.21712
1.21533
1.21264
1.20946
1.20626
1.20351
1.20157
1.20066
1.20078
1.2018
1.20349
1.2056
1.20789
1.21022
1.21248
1.21461
1.21656
1.21827
1.21969
1.22074
1.22138
1.22153
1.22119
1.22033
1.21899
1.21723
1.21514
1.21284
1.21047
1.20817
1.20606
1.20422
1.20266
1.20134
1.20017
1.19902
1.19777
1.19631
1.1946
1.19267
1.19061
1.18857
1.18674
1.18528
1.18431
1.18389
1.18402
1.18463
1.18561
1.1868
1.18803
1.18914
1.19
1.19052
1.19068
1.19051
1.19008
1.18948
1.18878
1.18806
1.18735
1.18664
1.18594
1.18522
1.18447
1.1837
1.18292
1.18218
1.18153
1.18102
1.18068
1.18054
1.18057
1.18074
1.18099
1.18129
1.18156
1.18179
1.18196
1.18206
1.1821
1.18211
1.18208
1.18202
1.18192
1.18175
1.18148
1.18107
1.18048
1.17969
1.17869
1.17749
1.17614
1.1747
1.17326
1.17191
1.17074
1.16982
1.16919
1.16887
1.16885
1.16911
1.16964
1.17041
1.17139
1.17251
1.17371
1.17489
1.17597
1.17686
1.17749
1.17783
1.17784
1.17749
1.17676
1.17565
1.17415
1.17226
1.17003
1.16755
1.16494
1.16239
1.16014
1.1584
1.15737
1.15717
1.1578
1.15917
1.16109
1.16337
1.16579
1.1682
1.17047
1.17254
1.17437
1.17596
1.17732
1.17847
1.17943
1.18021
1.18084
1.18131
1.18163
1.18181
1.18184
1.18172
1.18144
1.18099
1.18036
1.17954
1.17854
1.17736
1.17603
1.17461
1.17318
1.17183
1.17065
1.16972
1.16903
1.16851
1.16802
1.16738
1.1664
1.16499
1.16319
1.16124
1.15948
1.15832
1.15803
1.15866
1.16008
1.16201
1.16419
1.16638
1.16845
1.17033
1.17194
1.17325
1.17424
1.17488
1.1752
1.17523
1.17506
1.17476
1.17441
1.1741
1.17387
1.17374
1.17368
1.17367
1.17368
1.17368
1.17368
1.17371
1.17381
1.17403
1.17439
1.1749
1.17554
1.17628
1.17705
1.17781
1.17852
1.17913
1.17963
1.18
1.18025
1.18036
1.18033
1.18014
1.17977
1.17918
1.17832
1.17713
1.17555
1.17352
1.17101
1.16801
1.16459
1.16086
1.157
1.15323
1.14976
1.14682
1.14459
1.14326
1.14296
1.14377
1.14569
1.14857
1.15217
1.15614
1.16017
1.164
1.16747
1.1705
1.17308
1.17525
1.17705
1.17854
1.17977
1.18076
1.18153
1.18208
1.1824
1.18247
1.18228
1.18179
1.18099
1.17987
1.17846
1.17682
1.17505
1.1733
1.17175
1.17054
1.16978
1.1695
1.16962
1.17
1.17046
1.1708
1.17088
1.17065
1.17011
1.16937
1.16859
1.168
1.16781
1.16819
1.16917
1.17069
1.17258
1.17461
1.17654
1.17817
1.17934
1.17992
1.17983
1.17903
1.17752
1.17536
1.17273
1.16995
1.16744
1.16568
1.16505
1.16572
1.16753
1.17013
1.17302
1.17581
1.17818
1.17999
1.18118
1.18179
1.18191
1.18163
1.18106
1.18031
1.17949
1.17869
1.17795
1.17731
1.17674
1.17621
1.17563
1.17495
1.1741
1.17306
1.17185
1.1705
1.1691
1.16775
1.16655
1.16561
1.16499
1.16476
1.16493
1.16551
1.16646
1.16775
1.16931
1.17109
1.173
1.17498
1.17692
1.17875
1.18039
1.18176
1.1828
1.18348
1.18377
1.18364
1.18308
1.18208
1.18061
1.17865
1.17614
1.17305
1.16935
1.16511
1.16058
1.15625
1.15288
1.15125
1.15191
1.15478
1.15927
1.16447
1.16956
1.174
1.17754
1.18014
1.18185
1.18278
1.18302
1.18261
1.18163
1.18012
1.17814
1.17576
1.17309
1.17022
1.16724
1.16423
1.16117
1.15807
1.1549
1.15174
1.14879
1.1464
1.14497
1.14475
1.14576
1.14767
1.15
1.15222
1.15396
1.15502
1.15542
1.15532
1.15494
1.15453
1.15429
1.15432
1.15461
1.15507
1.15553
1.15583
1.15578
1.15527
1.15419
1.15253
1.15034
1.14776
1.14506
1.14259
1.14073
1.13981
1.13996
1.14108
1.14292
1.14511
1.14733
1.14935
1.15102
1.15232
1.15325
1.15387
1.15425
1.15446
1.15454
1.15455
1.15452
1.1545
1.1545
1.15454
1.15464
1.1548
1.15503
1.15534
1.15573
1.15619
1.15673
1.15734
1.15801
1.15875
1.15954
1.16036
1.16121
1.16206
1.16289
1.16367
1.16436
1.16493
1.1653
1.16541
1.16518
1.1645
1.16326
1.16134
1.15864
1.15515
1.151
1.14654
1.14239
1.13932
1.13801
1.13873
1.14127
1.14498
1.14917
1.15327
1.15701
1.16036
1.16345
1.16646
1.16958
1.17292
1.17648
1.18015
1.1837
1.18687
1.18936
1.19089
1.19128
1.19037
1.18815
1.18468
1.1802
1.1751
1.16992
1.16529
1.16187
1.16012
1.16026
1.16219
1.16553
1.16976
1.17431
1.17868
1.1825
1.18558
1.18789
1.18951
1.19056
1.19119
1.19151
1.19158
1.1914
1.19097
1.19025
1.1892
1.18781
1.18606
1.18398
1.1816
1.17901
1.1763
1.17365
1.17123
1.16921
1.16776
1.16694
1.16673
1.16702
1.16763
1.16837
1.16913
1.16991
1.17086
1.17223
1.17424
1.17701
1.18045
1.18427
1.18816
1.19181
1.19501
1.19766
1.19973
1.20125
1.20229
1.20287
1.20305
1.20283
1.20222
1.20118
1.1997
1.19775
1.19536
1.19263
1.18975
1.18704
1.18491
1.18374
1.1838
1.18512
1.18749
1.19054
1.19386
1.19709
1.20002
1.20249
1.20444
1.20586
1.20673
1.20704
1.20675
1.20583
1.20422
1.20191
1.19888
1.19517
1.19084
1.18602
1.18081
1.17538
1.16994
1.16487
1.16077
1.15839
1.15843
1.16122
1.16652
1.17362
1.18161
1.18965
1.19712
1.20368
1.20915
1.2135
1.21679
1.2191
1.22055
1.22127
1.22137
1.22098
1.22021
1.21921
1.21812
1.21708
1.21624
1.21575
1.21571
1.21616
1.2171
1.21845
1.22005
1.22172
1.22324
1.22437
1.2249
1.22465
1.22347
1.22127
1.21804
1.2139
1.2091
1.2041
1.19962
1.19661
1.19597
1.19815
1.20281
1.20893
1.21524
1.22067
1.2246
1.2268
1.22735
1.22645
1.22444
1.2217
1.21863
1.21567
1.21317
1.21137
1.21034
1.20999
1.21016
1.21066
1.21138
1.21231
1.2135
1.21504
1.21701
1.21944
1.2223
1.22552
1.22897
1.2325
1.23598
1.23928
1.24229
1.24494
1.24717
1.24897
1.25034
1.25127
1.25179
1.25191
1.25163
1.25095
1.24988
1.2484
1.24655
1.24433
1.2418
1.23905
1.23621
1.23343
1.2309
1.22876
1.22714
1.22605
1.22539
1.22503
1.22476
1.22447
1.22411
1.22374
1.22348
1.22346
1.22376
1.22436
1.22517
1.22601
1.22672
1.22715
1.22721
1.22691
1.22632
1.22558
1.22486
1.22429
1.22399
1.22397
1.22422
1.22467
1.22524
1.22591
1.22666
1.22752
1.22847
1.22949
1.23054
1.23153
1.2324
1.23308
1.23354
1.23377
1.23378
1.2336
1.23325
1.23276
1.23215
1.23142
1.23058
1.22961
1.22852
1.22729
1.22594
1.22448
1.22297
1.22146
1.22002
1.2187
1.21757
1.21666
1.21601
1.21563
1.21556
1.21586
1.2166
1.21784
1.21962
1.2219
1.22457
1.22747
1.23041
1.2332
1.23569
1.23778
1.23942
1.2406
1.24133
1.24167
1.2417
1.24149
1.24113
1.24068
1.24015
1.2395
1.23867
1.23753
1.236
1.23401
1.23161
1.22891
1.22613
1.22353
1.22139
1.21991
1.21922
1.21928
1.21998
1.22115
1.22263
1.22433
1.22624
1.22845
1.23104
1.23407
1.23749
1.24116
1.24482
1.24817
1.25095
1.25294
1.25406
1.25435
1.25397
1.25327
1.25267
1.25258
1.25331
1.25493
1.2572
1.25965
1.26168
1.26273
1.26234
1.26019
1.25612
1.25025
1.24306
1.23556
1.22925
1.22568
1.2258
1.2294
1.23533
1.24217
1.24882
1.25472
1.25969
1.26379
1.26712
1.26979
1.27188
1.27347
1.27464
1.27543
1.2759
1.27611
1.2761
1.27592
1.27561
1.27521
1.27477
1.27433
1.27394
1.27365
1.2735
1.27351
1.27371
1.27407
1.27456
1.27511
1.27565
1.27609
1.27634
1.27632
1.276
1.27532
1.27431
1.273
1.27146
1.26981
1.26815
1.2666
1.26522
1.26404
1.26302
1.26213
1.26132
1.26061
1.26008
1.25985
1.26008
1.26086
1.2622
1.26403
1.26617
1.2684
1.2705
1.27229
1.27364
1.27451
1.27491
1.27488
1.27451
1.27388
1.27307
1.27211
1.27102
1.26979
1.26839
1.26685
1.26524
1.26371
1.26245
1.26169
1.26154
1.26203
1.26305
1.26435
1.26567
1.26678
1.26751
1.26782
1.26776
1.26743
1.26698
1.26657
1.26629
1.26619
1.26622
1.26626
1.26617
1.26576
1.26486
1.26337
1.26127
1.25867
1.25586
1.25321
1.25119
1.25017
1.25036
1.25172
1.25399
1.25683
1.25988
1.26288
1.26566
1.26814
1.2703
1.27215
1.27373
1.27507
1.27622
1.2772
1.27805
1.27876
1.27935
1.27983
1.28017
1.28038
1.28043
1.28029
1.27997
1.27943
1.27867
1.27769
1.27651
1.27514
1.2736
1.27192
1.27011
1.26813
1.26596
1.26356
1.26089
1.258
1.25503
1.25221
1.24986
1.24821
1.24739
1.2473
1.24771
1.24833
1.24895
1.24949
1.24999
1.25053
1.25117
1.25187
1.25249
1.25283
1.25264
1.25175
1.25012
1.24793
1.2456
1.24377
1.24306
1.24387
1.24613
1.24939
1.25304
1.25648
1.25933
1.26141
1.26274
1.26339
1.2635
1.26321
1.26265
1.26194
1.26115
1.26036
1.25963
1.25899
1.25845
1.258
1.25763
1.2573
1.25697
1.2566
1.25615
1.25559
1.25489
1.25404
1.25304
1.25189
1.2506
1.24918
1.24763
1.24595
1.24412
1.24214
1.24001
1.23781
1.23565
1.23376
1.23239
1.23174
1.2319
1.23275
1.23401
1.23532
1.23632
1.23675
1.23649
1.23556
1.23408
1.23228
1.23048
1.22901
1.22818
1.22824
1.22929
1.2313
1.23407
1.23734
1.24083
1.24427
1.24744
1.2502
1.25242
1.25403
1.25496
1.25517
1.2546
1.25322
1.25101
1.24797
1.24418
1.23976
1.23495
1.23006
1.22545
1.22145
1.21832
1.21615
1.21486
1.21425
1.21404
1.214
1.214
1.214
1.21408
1.21441
1.21516
1.2165
1.21851
1.22116
1.22433
1.2278
1.23134
1.23475
1.23783
1.24049
1.24264
1.24425
1.24528
1.24569
1.2454
1.24429
1.24221
1.23895
1.23433
1.22823
1.2207
1.21212
1.20326
1.19526
1.18943
1.18679
1.18758
1.19118
1.1964
1.20197
1.20701
1.21114
1.21438
1.21699
1.21926
1.22143
1.22359
1.22573
1.22775
1.22955
1.23103
1.23215
1.23289
1.23327
1.23333
1.2331
1.23261
1.23188
1.23092
1.22971
1.22826
1.22656
1.22462
1.22249
1.22023
1.21794
1.21575
1.21381
1.21223
1.21114
1.21061
1.21064
1.2112
1.21223
1.21362
1.21526
1.21702
1.21879
1.22047
1.22197
1.22323
1.22419
1.2248
1.22503
1.22486
1.22428
1.22328
1.22188
1.2201
1.21799
1.21561
1.21306
1.21045
1.20792
1.20561
1.20366
1.20216
1.20121
1.20083
1.20102
1.20175
1.20296
1.20456
1.20646
1.20856
1.21073
1.21287
1.21485
1.21659
1.218
1.21904
1.21969
1.21998
1.21994
1.21969
1.21933
1.21899
1.21878
1.21881
1.21912
1.21974
1.22064
1.22179
1.22315
1.22462
1.22615
1.22763
1.22893
1.22994
1.23051
1.23047
1.22968
1.22799
1.22527
1.22144
1.21652
1.21062
1.20403
1.19716
1.19051
1.18458
1.17972
1.17611
1.17376
1.17267
1.17289
1.17454
1.17769
1.1822
1.18765
1.1935
1.19917
1.20418
1.20825
1.21128
1.21332
1.21453
1.21517
1.21551
1.21578
1.21617
1.21675
1.21751
1.21839
1.21929
1.22014
1.22089
1.2215
1.22197
1.22229
1.22244
1.22239
1.22208
1.2214
1.22022
1.21835
1.21565
1.212
1.20746
1.20239
1.19746
1.19357
1.19152
1.1916
1.19347
1.19636
1.19954
1.20256
1.20536
1.20809
1.21089
1.21384
1.21687
1.21982
1.22251
1.22481
1.22665
1.22799
1.22885
1.22929
1.22934
1.22906
1.22851
1.22773
1.22677
1.22569
1.22453
1.22334
1.22217
1.22108
1.22011
1.21932
1.21875
1.21843
1.21838
1.21861
1.21906
1.21967
1.22035
1.221
1.22155
1.22193
1.22211
1.22211
1.22197
1.22174
1.22149
1.22128
1.22114
1.22107
1.22105
1.22102
1.22091
1.22069
1.22035
1.21996
1.21963
1.21951
1.21978
1.22061
1.22216
1.22451
1.2276
1.23118
1.23488
1.23824
1.24089
1.24255
1.24309
1.24253
1.24097
1.23856
1.23551
1.23202
1.22833
1.22465
1.22119
1.21816
1.21569
1.21389
1.2128
1.21242
1.21269
1.21349
1.21469
1.21614
1.21779
1.2196
1.22157
1.22367
1.22579
1.22779
1.22955
1.23096
1.23203
1.23285
1.23358
1.23439
1.23546
1.23685
1.23856
1.24051
1.24255
1.24455
1.24637
1.24795
1.24923
1.25023
1.25096
1.25148
1.25182
1.25204
1.25215
1.25219
1.25213
1.25196
1.25164
1.25111
1.25035
1.24933
1.24808
1.24668
1.24521
1.24382
1.24263
1.24171
1.24109
1.2407
1.24045
1.24025
1.24004
1.23983
1.23974
1.23992
1.24056
1.2418
1.2437
1.24623
1.24929
1.25269
1.25625
1.25979
1.26317
1.26626
1.26896
1.27119
1.27289
1.27401
1.27451
1.27437
1.27361
1.27228
1.27048
1.26838
1.2662
1.26422
1.26271
1.26189
1.26188
1.26263
1.26397
1.26563
1.2673
1.26874
1.26976
1.27032
1.27047
1.27034
1.27012
1.27
1.27015
1.27069
1.27165
1.273
1.27466
1.2765
1.27839
1.2802
1.28184
1.28323
1.28432
1.2851
1.28556
1.28573
1.28563
1.28531
1.28481
1.2842
1.28352
1.28282
1.28213
1.28145
1.28076
1.28002
1.27917
1.27813
1.27682
1.27519
1.2732
1.27083
1.26808
1.26498
1.2616
1.25802
1.2544
1.25093
1.24789
1.2456
1.24441
1.24461
1.24639
1.24976
1.2545
1.26024
1.26647
1.2727
1.27848
1.28351
1.2876
1.29067
1.29274
1.29389
1.29423
1.29388
1.29298
1.29169
1.29014
1.28851
1.28692
1.28551
1.28438
1.28358
1.28314
1.28302
1.28313
1.28336
1.28357
1.28362
1.28335
1.28262
1.28132
1.27937
1.27673
1.27344
1.26959
1.26536
1.26094
1.25652
1.2523
1.24841
1.24499
1.24227
1.24054
1.24013
1.24134
1.24424
1.24867
1.2542
1.26026
1.26629
1.2718
1.27645
1.28002
1.28245
1.28373
1.2839
1.28307
1.28135
1.27888
1.27585
1.27248
1.26903
1.2658
1.2631
1.26115
1.26005
1.25974
1.25999
1.2605
1.26098
1.26124
1.26121
1.26098
1.26074
1.26073
1.26117
1.26222
1.26387
1.26597
1.26826
1.27046
1.27229
1.27355
1.27411
1.27393
1.27299
1.2713
1.26893
1.26597
1.26253
1.25878
1.25491
1.25111
1.24758
1.24446
1.2419
1.24002
1.23894
1.23874
1.23941
1.24083
1.24275
1.24484
1.24682
1.24844
1.24959
1.25024
1.25043
1.25024
1.24978
1.24916
1.24848
1.24783
1.2473
1.24696
1.24683
1.24691
1.2471
1.24731
1.2474
1.24722
1.24666
1.24561
1.24399
1.2417
1.23868
1.23488
1.23034
1.22518
1.21975
1.21461
1.21053
1.20827
1.2083
1.21048
1.21413
1.21829
1.2221
1.22501
1.22678
1.22744
1.22718
1.22621
1.2248
1.22317
1.22149
1.2199
1.21848
1.21724
1.21619
1.21527
1.21442
1.21359
1.21273
1.21179
1.21075
1.20956
1.20823
1.20675
1.20514
1.20342
1.20163
1.19983
1.19809
1.19649
1.19508
1.19393
1.19305
1.19242
1.19201
1.19175
1.19154
1.19131
1.19095
1.1904
1.18957
1.1884
1.18682
1.18479
1.18226
1.17923
1.17571
1.17183
1.16777
1.1638
1.16028
1.15754
1.15585
1.15532
1.15586
1.15727
1.15926
1.16152
1.16382
1.16597
1.16788
1.16949
1.1708
1.17181
1.17256
1.17308
1.17342
1.1736
1.17366
1.17362
1.17353
1.17339
1.17324
1.17308
1.17293
1.1728
1.17271
1.17266
1.17265
1.17266
1.17268
1.17268
1.17262
1.17245
1.17212
1.17158
1.17078
1.16973
1.16846
1.16709
1.16581
1.16487
1.16451
1.16489
1.16604
1.16782
1.16997
1.17219
1.17417
1.17569
1.17657
1.17676
1.17622
1.17499
1.17312
1.17069
1.16779
1.16452
1.16098
1.15731
1.15368
1.1503
1.14744
1.14533
1.14417
1.14401
1.1448
1.14637
1.14855
1.15119
1.15422
1.15761
1.16134
1.16539
1.16967
1.17408
1.17847
1.18268
1.18657
1.19001
1.19292
1.19521
1.19682
1.1977
1.19782
1.19714
1.19566
1.19344
1.19061
1.18737
1.18396
1.18059
1.17738
1.17433
1.17141
1.16869
1.16654
1.16553
1.16615
1.16854
1.17228
1.17661
1.18075
1.18419
1.18668
1.18825
1.18903
1.18925
1.18911
1.18878
1.18839
1.18803
1.18774
1.18755
1.18745
1.18741
1.1874
1.1874
1.18737
1.18729
1.18717
1.187
1.18679
1.18656
1.18632
1.18607
1.18581
1.18553
1.1852
1.18481
1.18434
1.18378
1.18315
1.18247
1.18179
1.18117
1.18065
1.18031
1.18021
1.18038
1.18087
1.18166
1.18274
1.18404
1.18548
1.18696
1.18837
1.18957
1.19043
1.19077
1.19043
1.18919
1.18689
1.18344
1.17898
1.17403
1.16953
1.16667
1.16637
1.16877
1.17306
1.17795
1.18216
1.18479
1.18534
1.18364
1.17982
1.17439
1.16837
1.16325
1.16053
1.16113
1.16483
1.17054
1.17689
1.18282
1.18774
1.19149
1.19412
1.19578
1.19664
1.19683
1.19649
1.19569
1.19453
1.19306
1.19136
1.18954
1.1877
1.18598
1.18452
1.18347
1.18289
1.18283
1.18323
1.184
1.18501
1.18612
1.18722
1.18823
1.1891
1.18983
1.19042
1.1909
1.19132
1.1917
1.19207
1.19244
1.1928
1.19314
1.19341
1.19359
1.19361
1.19346
1.19309
1.19251
1.19173
1.19079
1.18974
1.18865
1.18757
1.18656
1.18569
1.18502
1.18458
1.18441
1.18451
1.18487
1.18544
1.18617
1.187
1.18787
1.18871
1.18948
1.19013
1.19065
1.19105
1.19131
1.19142
1.19134
1.19103
1.19044
1.18953
1.18835
1.18696
1.18551
1.18418
1.18316
1.18261
1.18263
1.18324
1.18442
1.18607
1.18805
1.19021
1.19238
1.19439
1.19609
1.19734
1.19804
1.19815
1.19767
1.1967
1.19538
1.19389
1.19246
1.19128
1.19049
1.19014
1.19019
1.19055
1.19107
1.1916
1.19202
1.19222
1.19214
1.19174
1.19101
1.18993
1.18854
1.18686
1.18494
1.18288
1.18076
1.17871
1.17685
1.17529
1.1741
1.17332
1.17291
1.1728
1.17287
1.17299
1.17301
1.17278
1.17219
1.17116
1.16968
1.1678
1.16569
1.1636
1.16182
1.16066
1.16031
1.1608
1.16201
1.16373
1.16569
1.16766
1.1695
1.17111
1.17248
1.17361
1.17453
1.17529
1.1759
1.17641
1.17684
1.17722
1.17755
1.17786
1.17814
1.1784
1.17862
1.17879
1.17888
1.17883
