-0.394717
-0.400902
-0.405712
-0.408724
-0.409687
-0.40861
-0.405802
-0.401903
-0.397771
-0.394377
-0.392471
-0.392393
-0.393981
-0.396692
-0.399869
-0.402956
-0.405541
-0.407365
-0.408209
-0.407902
-0.406285
-0.40331
-0.39904
-0.393749
-0.387872
-0.381932
-0.376431
-0.371851
-0.368535
-0.366746
-0.366656
-0.368322
-0.371716
-0.376662
-0.382891
-0.390025
-0.397655
-0.405361
-0.412807
-0.419721
-0.425946
-0.431359
-0.435949
-0.439742
-0.442802
-0.445202
-0.447063
-0.448492
-0.449622
-0.450541
-0.451385
-0.452175
-0.452957
-0.453706
-0.454346
-0.454717
-0.454561
-0.453547
-0.451192
-0.446927
-0.440062
-0.42988
-0.415739
-0.39735
-0.37514
-0.350729
-0.327131
-0.308275
-0.297778
-0.297546
-0.307074
-0.323881
-0.344471
-0.365446
-0.38418
-0.399129
-0.409735
-0.416184
-0.419168
-0.419625
-0.418601
-0.417107
-0.415907
-0.415535
-0.416175
-0.417743
-0.419976
-0.422513
-0.424985
-0.427095
-0.428596
-0.429317
-0.429142
-0.427995
-0.425826
-0.422627
-0.418405
-0.413195
-0.407088
-0.400217
-0.392811
-0.385157
-0.377631
-0.370678
-0.36472
-0.360181
-0.357372
-0.356456
-0.357446
-0.360164
-0.364292
-0.369429
-0.375158
-0.381093
-0.38685
-0.392162
-0.396799
-0.400609
-0.403521
-0.40556
-0.406794
-0.407338
-0.407344
-0.406961
-0.406333
-0.405573
-0.404754
-0.403912
-0.403031
-0.402106
-0.401097
-0.399954
-0.398673
-0.397305
-0.395944
-0.39474
-0.393859
-0.393439
-0.393557
-0.394195
-0.395227
-0.396483
-0.397759
-0.398872
-0.399673
-0.400009
-0.399735
-0.398702
-0.396763
-0.393842
-0.389982
-0.38546
-0.380778
-0.376636
-0.373775
-0.372743
-0.373837
-0.376996
-0.381892
-0.388006
-0.394758
-0.401574
-0.407938
-0.413506
-0.418064
-0.421508
-0.423842
-0.425112
-0.425341
-0.42456
-0.422805
-0.4201
-0.41654
-0.412255
-0.407537
-0.402768
-0.398421
-0.394998
-0.392902
-0.392321
-0.393201
-0.395288
-0.398217
-0.401597
-0.405066
-0.408271
-0.410899
-0.412659
-0.413297
-0.412631
-0.410633
-0.407516
-0.403762
-0.400133
-0.397474
-0.39647
-0.397356
-0.399891
-0.403463
-0.407397
-0.411144
-0.414314
-0.416665
-0.418048
-0.418343
-0.417468
-0.415405
-0.412237
-0.408173
-0.403532
-0.398702
-0.394117
-0.390216
-0.387319
-0.385652
-0.385349
-0.386347
-0.388446
-0.39127
-0.394341
-0.397148
-0.399276
-0.40049
-0.400774
-0.400418
-0.399947
-0.400058
-0.401424
-0.404441
-0.409054
-0.414822
-0.421018
-0.426934
-0.432015
-0.435932
-0.43858
-0.439966
-0.440156
-0.439234
-0.437265
-0.434303
-0.430421
-0.425616
-0.419952
-0.413481
-0.406343
-0.398691
-0.390775
-0.382872
-0.375266
-0.36826
-0.36208
-0.35689
-0.352826
-0.349991
-0.34847
-0.34833
-0.349566
-0.352133
-0.355859
-0.360475
-0.365649
-0.371023
-0.376242
-0.381007
-0.385107
-0.388356
-0.390687
-0.392098
-0.392607
-0.392309
-0.391329
-0.389895
-0.388285
-0.386758
-0.385643
-0.385138
-0.385354
-0.386277
-0.387762
-0.389596
-0.391567
-0.393456
-0.395144
-0.396533
-0.39758
-0.398284
-0.398665
-0.398763
-0.398596
-0.398198
-0.397584
-0.396767
-0.39574
-0.394518
-0.393095
-0.391501
-0.389783
-0.388028
-0.386348
-0.384928
-0.383903
-0.383419
-0.383577
-0.38435
-0.385659
-0.387324
-0.389165
-0.391004
-0.392727
-0.394261
-0.395592
-0.396741
-0.397735
-0.398618
-0.399412
-0.400144
-0.400796
-0.401351
-0.401794
-0.402114
-0.402311
-0.402412
-0.402452
-0.402512
-0.402633
-0.402884
-0.403336
-0.404034
-0.404969
-0.406135
-0.407492
-0.408987
-0.410572
-0.412192
-0.413806
-0.415398
-0.41696
-0.418501
-0.42004
-0.421596
-0.423208
-0.424918
-0.426724
-0.428658
-0.430724
-0.432917
-0.435231
-0.437626
-0.440065
-0.442477
-0.444796
-0.446949
-0.448814
-0.450309
-0.451332
-0.451796
-0.451631
-0.450794
-0.449257
-0.447043
-0.444191
-0.440799
-0.436993
-0.432931
-0.428765
-0.424629
-0.420617
-0.416748
-0.413039
-0.409473
-0.406181
-0.403504
-0.40208
-0.402757
-0.406297
-0.413003
-0.422459
-0.433563
-0.444897
-0.455075
-0.462912
-0.467499
-0.468133
-0.464324
-0.456056
-0.444082
-0.430366
-0.41813
-0.41101
-0.411569
-0.419867
-0.433541
-0.44914
-0.463682
-0.475359
-0.483541
-0.488268
-0.489853
-0.488676
-0.485144
-0.479752
-0.473188
-0.466394
-0.460582
-0.456918
-0.456217
-0.458663
-0.463736
-0.470456
-0.47773
-0.484556
-0.49028
-0.49452
-0.497192
-0.498365
-0.498238
-0.49706
-0.495111
-0.492635
-0.489862
-0.48695
-0.484013
-0.481121
-0.478255
-0.47537
-0.472416
-0.469338
-0.466153
-0.462913
-0.459757
-0.456905
-0.454615
-0.453162
-0.452782
-0.453573
-0.455521
-0.458454
-0.462112
-0.466203
-0.470464
-0.47465
-0.478589
-0.482162
-0.485254
-0.487833
-0.489841
-0.491264
-0.492085
-0.492296
-0.491919
-0.490986
-0.489632
-0.487976
-0.486229
-0.484639
-0.483488
-0.482993
-0.483338
-0.484539
-0.486477
-0.488889
-0.491417
-0.493602
-0.495022
-0.495271
-0.493982
-0.490806
-0.485531
-0.47818
-0.46926
-0.459979
-0.452168
-0.447731
-0.447679
-0.45151
-0.457579
-0.464025
-0.469546
-0.473596
-0.476196
-0.477613
-0.478174
-0.478034
-0.477277
-0.475849
-0.473621
-0.470457
-0.466262
-0.461021
-0.454767
-0.447642
-0.43983
-0.431574
-0.423157
-0.414969
-0.407488
-0.401376
-0.397405
-0.396324
-0.398574
-0.404033
-0.412001
-0.42138
-0.431018
-0.439996
-0.447765
-0.454118
-0.45911
-0.462947
-0.465907
-0.468237
-0.47014
-0.471739
-0.473102
-0.474231
-0.475102
-0.475659
-0.475902
-0.475804
-0.475369
-0.474615
-0.473567
-0.472262
-0.470737
-0.468991
-0.467048
-0.464926
-0.462643
-0.460197
-0.457614
-0.454909
-0.452118
-0.449282
-0.446524
-0.443934
-0.441637
-0.439772
-0.438428
-0.437654
-0.437456
-0.437746
-0.438409
-0.439295
-0.440216
-0.441009
-0.441472
-0.441406
-0.440573
-0.438752
-0.43579
-0.431696
-0.426806
-0.421918
-0.418171
-0.416753
-0.418272
-0.42238
-0.427837
-0.433048
-0.43666
-0.43783
-0.436399
-0.432727
-0.427638
-0.422166
-0.41733
-0.413844
-0.412024
-0.411864
-0.413245
-0.415937
-0.419608
-0.423797
-0.428021
-0.43187
-0.435063
-0.437516
-0.439294
-0.44055
-0.441452
-0.442199
-0.442927
-0.443746
-0.444686
-0.445755
-0.446945
-0.448188
-0.449422
-0.450597
-0.451675
-0.452595
-0.453359
-0.453963
-0.45441
-0.454714
-0.454866
-0.454823
-0.45452
-0.45387
-0.452724
-0.45094
-0.448433
-0.445209
-0.441471
-0.437667
-0.434411
-0.432407
-0.432134
-0.433731
-0.436917
-0.44118
-0.445963
-0.450818
-0.455462
-0.459677
-0.463304
-0.466147
-0.46799
-0.468603
-0.467798
-0.465438
-0.461495
-0.456079
-0.449406
-0.441886
-0.433995
-0.426328
-0.419541
-0.414247
-0.410861
-0.409492
-0.409843
-0.411325
-0.41322
-0.414871
-0.415849
-0.416083
-0.415907
-0.415992
-0.417096
-0.419728
-0.423913
-0.429249
-0.435121
-0.440905
-0.446242
-0.450988
-0.455158
-0.458864
-0.462182
-0.465192
-0.467854
-0.470149
-0.472016
-0.473451
-0.474451
-0.475018
-0.475207
-0.475046
-0.474552
-0.473741
-0.472581
-0.471043
-0.469062
-0.466589
-0.46354
-0.459846
-0.455476
-0.450387
-0.444612
-0.438236
-0.431389
-0.42434
-0.417419
-0.411092
-0.40587
-0.402213
-0.400483
-0.400801
-0.403042
-0.406878
-0.411827
-0.417351
-0.423005
-0.4284
-0.433287
-0.437524
-0.441069
-0.443942
-0.446203
-0.447948
-0.449261
-0.450221
-0.45086
-0.451235
-0.451337
-0.451184
-0.45076
-0.450082
-0.449131
-0.447939
-0.446522
-0.444927
-0.443155
-0.441263
-0.439269
-0.437223
-0.435177
-0.433134
-0.431132
-0.429217
-0.427464
-0.425972
-0.42485
-0.424229
-0.424221
-0.424888
-0.42622
-0.428159
-0.430589
-0.433363
-0.436325
-0.439342
-0.442271
-0.445023
-0.447533
-0.449732
-0.451583
-0.453052
-0.454133
-0.454798
-0.455061
-0.454926
-0.454355
-0.453404
-0.452078
-0.450399
-0.448413
-0.446183
-0.44379
-0.441352
-0.439005
-0.43688
-0.435133
-0.433832
-0.432996
-0.432523
-0.432207
-0.431811
-0.431062
-0.429783
-0.427944
-0.425669
-0.423239
-0.420966
-0.419147
-0.417964
-0.417512
-0.417844
-0.419027
-0.421162
-0.424329
-0.428528
-0.433593
-0.439156
-0.44469
-0.449573
-0.453184
-0.454971
-0.454469
-0.451306
-0.445305
-0.43646
-0.425013
-0.411571
-0.397141
-0.383154
-0.371364
-0.36346
-0.360521
-0.362582
-0.368684
-0.377353
-0.387151
-0.397023
-0.406308
-0.41462
-0.421784
-0.427697
-0.432395
-0.436023
-0.43879
-0.440937
-0.442703
-0.444288
-0.445821
-0.447395
-0.449035
-0.450683
-0.452323
-0.453914
-0.455458
-0.456971
-0.458503
-0.460111
-0.461848
-0.463734
-0.465723
-0.467717
-0.469528
-0.470936
-0.471654
-0.471357
-0.469682
-0.466231
-0.46057
-0.452282
-0.441057
-0.426873
-0.410252
-0.392389
-0.375072
-0.36041
-0.350268
-0.345861
-0.347491
-0.354384
-0.36481
-0.376614
-0.387924
-0.397573
-0.40529
-0.411503
-0.417093
-0.422995
-0.429816
-0.437583
-0.445748
-0.453545
-0.460225
-0.465306
-0.468554
-0.469951
-0.469608
-0.467719
-0.46449
-0.46015
-0.45495
-0.449168
-0.443099
-0.43707
-0.431393
-0.426358
-0.422246
-0.419316
-0.417782
-0.417794
-0.419324
-0.422162
-0.425905
-0.430062
-0.434166
-0.437888
-0.441025
-0.443505
-0.445316
-0.446482
-0.447025
-0.446968
-0.446352
-0.445211
-0.443529
-0.441354
-0.438633
-0.435249
-0.431048
-0.425828
-0.419431
-0.411781
-0.402986
-0.393388
-0.383446
-0.373639
-0.364389
-0.355999
-0.348788
-0.343261
-0.340194
-0.34051
-0.344925
-0.353483
-0.365321
-0.378812
-0.392135
-0.403796
-0.412945
-0.419326
-0.423064
-0.424463
-0.423889
-0.421637
-0.417927
-0.412857
-0.406448
-0.398732
-0.389803
-0.379977
-0.369869
-0.360435
-0.352821
-0.348016
-0.34647
-0.34795
-0.351663
-0.356605
-0.361916
-0.36698
-0.371418
-0.375075
-0.377912
-0.379947
-0.381236
-0.381837
-0.381824
-0.38124
-0.380118
-0.37851
-0.376433
-0.373922
-0.371001
-0.367729
-0.364152
-0.360337
-0.356407
-0.352466
-0.34864
-0.345058
-0.341854
-0.339137
-0.337008
-0.33557
-0.334889
-0.335039
-0.336026
-0.337816
-0.340329
-0.343419
-0.346922
-0.350641
-0.354401
-0.358078
-0.361551
-0.364758
-0.367671
-0.370288
-0.372641
-0.37475
-0.376637
-0.378336
-0.379834
-0.381144
-0.382187
-0.382865
-0.383008
-0.382402
-0.380777
-0.377841
-0.373384
-0.367447
-0.360444
-0.353321
-0.347367
-0.343702
-0.342679
-0.343527
-0.344803
-0.345067
-0.343457
-0.339961
-0.335257
-0.330354
-0.326103
-0.322922
-0.320793
-0.319619
-0.319445
-0.320474
-0.322857
-0.326389
-0.33056
-0.334769
-0.338624
-0.342097
-0.34546
-0.349121
-0.353388
-0.358314
-0.36373
-0.369356
-0.37488
-0.380053
-0.384683
-0.388637
-0.391841
-0.394238
-0.39578
-0.396482
-0.396363
-0.395485
-0.393983
-0.392034
-0.389842
-0.387665
-0.385724
-0.384223
-0.38327
-0.382888
-0.382994
-0.383431
-0.383986
-0.384428
-0.384551
-0.384193
-0.383218
-0.381527
-0.379044
-0.375737
-0.371566
-0.366547
-0.360718
-0.35422
-0.34726
-0.34017
-0.333441
-0.327632
-0.323304
-0.320891
-0.320587
-0.322267
-0.32556
-0.329947
-0.334895
-0.340011
-0.345006
-0.349739
-0.354144
-0.35816
-0.361737
-0.364839
-0.367413
-0.369411
-0.370809
-0.371625
-0.371895
-0.371685
-0.371095
-0.370232
-0.369202
-0.368122
-0.367066
-0.366071
-0.365148
-0.364289
-0.36346
-0.362608
-0.361713
-0.360747
-0.359727
-0.35867
-0.35764
-0.356666
-0.35584
-0.355214
-0.354825
-0.354662
-0.354718
-0.354946
-0.35528
-0.355643
-0.355935
-0.356065
-0.355975
-0.355568
-0.354813
-0.353658
-0.352065
-0.350017
-0.347523
-0.344577
-0.341235
-0.337575
-0.333753
-0.330075
-0.326974
-0.325
-0.324675
-0.326304
-0.329842
-0.334779
-0.340401
-0.345909
-0.350674
-0.354336
-0.356806
-0.358238
-0.358943
-0.359336
-0.359824
-0.360714
-0.362153
-0.364128
-0.366459
-0.368863
-0.371048
-0.372783
-0.373883
-0.374222
-0.373748
-0.372479
-0.370453
-0.367757
-0.364542
-0.36105
-0.357593
-0.354529
-0.352197
-0.350854
-0.350565
-0.351242
-0.352595
-0.354271
-0.355904
-0.357219
-0.358036
-0.358283
-0.357956
-0.357121
-0.355868
-0.354274
-0.352426
-0.350341
-0.347946
-0.345123
-0.341701
-0.337582
-0.332849
-0.327942
-0.32374
-0.321363
-0.321735
-0.32512
-0.330913
-0.337896
-0.344802
-0.35072
-0.355199
-0.358201
-0.359971
-0.360823
-0.361074
-0.360954
-0.36061
-0.360069
-0.359297
-0.358216
-0.356758
-0.354902
-0.352737
-0.350403
-0.348144
-0.34622
-0.344847
-0.344144
-0.344115
-0.344638
-0.345546
-0.346611
-0.347669
-0.348587
-0.349309
-0.349838
-0.350186
-0.350388
-0.350471
-0.350457
-0.350374
-0.350206
-0.349994
-0.349751
-0.349558
-0.349462
-0.349554
-0.349892
-0.350531
-0.351468
-0.352706
-0.354196
-0.355862
-0.357638
-0.359489
-0.361374
-0.363274
-0.365206
-0.36716
-0.369175
-0.371239
-0.373343
-0.375441
-0.377462
-0.379317
-0.38089
-0.382072
-0.382759
-0.382911
-0.382564
-0.381876
-0.381131
-0.38072
-0.38104
-0.382384
-0.38475
-0.387832
-0.391081
-0.393832
-0.395408
-0.395292
-0.393165
-0.389016
-0.383253
-0.376748
-0.37081
-0.366973
-0.366582
-0.370295
-0.377842
-0.388043
-0.399371
-0.410379
-0.420072
-0.427933
-0.433852
-0.437934
-0.440392
-0.441496
-0.441489
-0.440643
-0.439236
-0.437524
-0.435803
-0.434372
-0.433483
-0.433316
-0.43396
-0.435366
-0.4374
-0.439843
-0.442439
-0.444978
-0.44726
-0.449181
-0.450688
-0.451788
-0.452511
-0.45293
-0.453115
-0.45314
-0.453053
-0.452943
-0.452894
-0.453031
-0.45352
-0.454527
-0.456204
-0.458627
-0.461754
-0.465369
-0.469109
-0.472514
-0.475053
-0.476233
-0.47564
-0.473012
-0.46827
-0.461625
-0.45364
-0.445177
-0.437296
-0.430914
-0.426565
-0.424214
-0.423383
-0.423405
-0.423756
-0.424178
-0.424742
-0.425706
-0.427388
-0.43
-0.433546
-0.437785
-0.442287
-0.446567
-0.450153
-0.452721
-0.454141
-0.454438
-0.453759
-0.452371
-0.450557
-0.448602
-0.44676
-0.445191
-0.443958
-0.44304
-0.442324
-0.441657
-0.440898
-0.439922
-0.438717
-0.43732
-0.43588
-0.434566
-0.433576
-0.433037
-0.433013
-0.433452
-0.434253
-0.435257
-0.436338
-0.437388
-0.438331
-0.439144
-0.439839
-0.440429
-0.440971
-0.441476
-0.441954
-0.442426
-0.442877
-0.443299
-0.443655
-0.443922
-0.444047
-0.444005
-0.443726
-0.443126
-0.442103
-0.440571
-0.438381
-0.435422
-0.431584
-0.426836
-0.421269
-0.415164
-0.409013
-0.40345
-0.39908
-0.396249
-0.394898
-0.394538
-0.394529
-0.394299
-0.393527
-0.39222
-0.390635
-0.389194
-0.388289
-0.388265
-0.389276
-0.391248
-0.394003
-0.397207
-0.400431
-0.403203
-0.405016
-0.405354
-0.403832
-0.400299
-0.395047
-0.388996
-0.383709
-0.38101
-0.382212
-0.387412
-0.395496
-0.404795
-0.413818
-0.421644
-0.427919
-0.432636
-0.435989
-0.438206
-0.43951
-0.440103
-0.440156
-0.439789
-0.439112
-0.438217
-0.437215
-0.436167
-0.435155
-0.43422
-0.433425
-0.432781
-0.432289
-0.431924
-0.431612
-0.431257
-0.430709
-0.429768
-0.428227
-0.425864
-0.422494
-0.418057
-0.412743
-0.406996
-0.401568
-0.397316
-0.394883
-0.394433
-0.395555
-0.397533
-0.399681
-0.401584
-0.403207
-0.404801
-0.406748
-0.409392
-0.412927
-0.417339
-0.422395
-0.4278
-0.433156
-0.438116
-0.442419
-0.44589
-0.448444
-0.450056
-0.45082
-0.450854
-0.45035
-0.449524
-0.448582
-0.447638
-0.446691
-0.445678
-0.444435
-0.442832
-0.440858
-0.438751
-0.436961
-0.43608
-0.436604
-0.438751
-0.442317
-0.446801
-0.451561
-0.456066
-0.459959
-0.463066
-0.465367
-0.466962
-0.467961
-0.46852
-0.468737
-0.468712
-0.468535
-0.468237
-0.467859
-0.467413
-0.466907
-0.466308
-0.465595
-0.464716
-0.463664
-0.462417
-0.460966
-0.45933
-0.457557
-0.455741
-0.454018
-0.452517
-0.451392
-0.450765
-0.450691
-0.45118
-0.452186
-0.453575
-0.455207
-0.456927
-0.458587
-0.460095
-0.46138
-0.462439
-0.463298
-0.463997
-0.464572
-0.46506
-0.465482
-0.465835
-0.466092
-0.466248
-0.466264
-0.466111
-0.465774
-0.465225
-0.464405
-0.463242
-0.461579
-0.459204
-0.455801
-0.450976
-0.444387
-0.435927
-0.426111
-0.416434
-0.409345
-0.407303
-0.411419
-0.420593
-0.432337
-0.444091
-0.454212
-0.46208
-0.467765
-0.471631
-0.474079
-0.475484
-0.476139
-0.476234
-0.475894
-0.47519
-0.474173
-0.472845
-0.471218
-0.469263
-0.467008
-0.464502
-0.461836
-0.459151
-0.456628
-0.45445
-0.452732
-0.451512
-0.450763
-0.450356
-0.450174
-0.450152
-0.450319
-0.450726
-0.45142
-0.452352
-0.453336
-0.454027
-0.454072
-0.453219
-0.451365
-0.448704
-0.445637
-0.442678
-0.440228
-0.438366
-0.436869
-0.43527
-0.433106
-0.43014
-0.426447
-0.42248
-0.418934
-0.4166
-0.416174
-0.417975
-0.421966
-0.427697
-0.434498
-0.441659
-0.448556
-0.454757
-0.460016
-0.464241
-0.467475
-0.469871
-0.471589
-0.472825
-0.473756
-0.474546
-0.475323
-0.476153
-0.477055
-0.478006
-0.478942
-0.479822
-0.480595
-0.48121
-0.481709
-0.482148
-0.482618
-0.483172
-0.483795
-0.484299
-0.484378
-0.483607
-0.481584
-0.478015
-0.472898
-0.466543
-0.459536
-0.45264
-0.446651
-0.442266
-0.439876
-0.439364
-0.440106
-0.441342
-0.442652
-0.444129
-0.446117
-0.448887
-0.452418
-0.456465
-0.460735
-0.464965
-0.469022
-0.472772
-0.476132
-0.479007
-0.481343
-0.483061
-0.484132
-0.484564
-0.484393
-0.483735
-0.482757
-0.48166
-0.480654
-0.479964
-0.479751
-0.480063
-0.48086
-0.481985
-0.483185
-0.484139
-0.484458
-0.483745
-0.481537
-0.477383
-0.470901
-0.46186
-0.450473
-0.4377
-0.425476
-0.416417
-0.412809
-0.4154
-0.422963
-0.433127
-0.443565
-0.452778
-0.460142
-0.465606
-0.469431
-0.472016
-0.473758
-0.475042
-0.476213
-0.477555
-0.479228
-0.481319
-0.483768
-0.486422
-0.48904
-0.491381
-0.493196
-0.494274
-0.494489
-0.493761
-0.492184
-0.489898
-0.487185
-0.484354
-0.48168
-0.479318
-0.47724
-0.475226
-0.472954
-0.470117
-0.466548
-0.462238
-0.457344
-0.452138
-0.446887
-0.441785
-0.436977
-0.432561
-0.428749
-0.425869
-0.424244
-0.424168
-0.425722
-0.428739
-0.432902
-0.437821
-0.443134
-0.448512
-0.453717
-0.458541
-0.462825
-0.466513
-0.469533
-0.471882
-0.473549
-0.474575
-0.474949
-0.474622
-0.473527
-0.471534
-0.468492
-0.464213
-0.458585
-0.451657
-0.443779
-0.435687
-0.42841
-0.422994
-0.420055
-0.419517
-0.420662
-0.422606
-0.424709
-0.426706
-0.428621
-0.430555
-0.432502
-0.434268
-0.43558
-0.436116
-0.435629
-0.433998
-0.431186
-0.427342
-0.422686
-0.417625
-0.412561
-0.40786
-0.403731
-0.40012
-0.396754
-0.393318
-0.389704
-0.386298
-0.383902
-0.383408
-0.385201
-0.388768
-0.392791
-0.395735
-0.39634
-0.394095
-0.389375
-0.383486
-0.378416
-0.3761
-0.377552
-0.3823
-0.388853
-0.395481
-0.400942
-0.404678
-0.406635
-0.407074
-0.406381
-0.404988
-0.403305
-0.401723
-0.400543
-0.399926
-0.399925
-0.400474
-0.40137
-0.402336
-0.403083
-0.40336
-0.402944
-0.401677
-0.399461
-0.396301
-0.392279
-0.387559
-0.38238
-0.37707
-0.371957
-0.367317
-0.363447
-0.360545
-0.358768
-0.358261
-0.359081
-0.361185
-0.364419
-0.368486
-0.372958
-0.377363
-0.381254
-0.38428
-0.386281
-0.387263
-0.38749
-0.387325
-0.387213
-0.38756
-0.388621
-0.390445
-0.392895
-0.395685
-0.398465
-0.400906
-0.40278
-0.403976
-0.404522
-0.404613
-0.40456
-0.404717
-0.405468
-0.407028
-0.409414
-0.412426
-0.415721
-0.41889
-0.421597
-0.423624
-0.424896
-0.425439
-0.425411
-0.425015
-0.424494
-0.424081
-0.423971
-0.424278
-0.425019
-0.426106
-0.427351
-0.42852
-0.429363
-0.429605
-0.429061
-0.427578
-0.425112
-0.421775
-0.41783
-0.413731
-0.410053
-0.407388
-0.406174
-0.406542
-0.408322
-0.411093
-0.414384
-0.417827
-0.421185
-0.424375
-0.427403
-0.430282
-0.433032
-0.435565
-0.43777
-0.439481
-0.440514
-0.440741
-0.440039
-0.438374
-0.43572
-0.43219
-0.427903
-0.423066
-0.417952
-0.412898
-0.408231
-0.404261
-0.401227
-0.399293
-0.398576
-0.399206
-0.401255
-0.404715
-0.409365
-0.414784
-0.420413
-0.425655
-0.429978
-0.433023
-0.434575
-0.43459
-0.433147
-0.430445
-0.42675
-0.422454
-0.41796
-0.41373
-0.410157
-0.407568
-0.406187
-0.406127
-0.407397
-0.409879
-0.413255
-0.417004
-0.420442
-0.422862
-0.423652
-0.422409
-0.419028
-0.413903
-0.4079
-0.40236
-0.398731
-0.397972
-0.400106
-0.404259
-0.409066
-0.413305
-0.416113
-0.417059
-0.415999
-0.412975
-0.40817
-0.401912
-0.394812
-0.387853
-0.382258
-0.379213
-0.379343
-0.382384
-0.38724
-0.392395
-0.396451
-0.398391
-0.397648
-0.39409
-0.388006
-0.380071
-0.371272
-0.362722
-0.355407
-0.350031
-0.347032
-0.346723
-0.349214
-0.354174
-0.360733
-0.367726
-0.374038
-0.378952
-0.382182
-0.383803
-0.384079
-0.383377
-0.382075
-0.380506
-0.378928
-0.377561
-0.376545
-0.375954
-0.375807
-0.376069
-0.376697
-0.377599
-0.378684
-0.379876
-0.381083
-0.38224
-0.383281
-0.384189
-0.384936
-0.385508
-0.385935
-0.386228
-0.386405
-0.386529
-0.386626
-0.386746
-0.386933
-0.387224
-0.387656
-0.388229
-0.388988
-0.389912
-0.391012
-0.392284
-0.393682
-0.395158
-0.396632
-0.398032
-0.399206
-0.400026
-0.400325
-0.399907
-0.398591
-0.396192
-0.39252
-0.387459
-0.380894
-0.37289
-0.363615
-0.353493
-0.343203
-0.333526
-0.325208
-0.318837
-0.314972
-0.314384
-0.317914
-0.325862
-0.337461
-0.350889
-0.364082
-0.375414
-0.384009
-0.389641
-0.392501
-0.392991
-0.391631
-0.389011
-0.385747
-0.382491
-0.379801
-0.378065
-0.377405
-0.377653
-0.378438
-0.379307
-0.379894
-0.379925
-0.379326
-0.378172
-0.376647
-0.374999
-0.373505
-0.372368
-0.371731
-0.371639
-0.372034
-0.372783
-0.373716
-0.374681
-0.375544
-0.37622
-0.376691
-0.376957
-0.377092
-0.377133
-0.377134
-0.377133
-0.377126
-0.377093
-0.376982
-0.376721
-0.376247
-0.375498
-0.374416
-0.372967
-0.371162
-0.369055
-0.36678
-0.364576
-0.36272
-0.361543
-0.361352
-0.362298
-0.364374
-0.367373
-0.370902
-0.374545
-0.377852
-0.380465
-0.382142
-0.382767
-0.382368
-0.381122
-0.379353
-0.377484
-0.376039
-0.375414
-0.375841
-0.377296
-0.379483
-0.381969
-0.384278
-0.386109
-0.387403
-0.388426
-0.389704
-0.391851
-0.395286
-0.40007
-0.405889
-0.412148
-0.418214
-0.423551
-0.427846
-0.430905
-0.432694
-0.43321
-0.432511
-0.430694
-0.427915
-0.424377
-0.420316
-0.41596
-0.411538
-0.407141
-0.402778
-0.398389
-0.39391
-0.389342
-0.384772
-0.380348
-0.376239
-0.372623
-0.369692
-0.36767
-0.3667
-0.366807
-0.367829
-0.369516
-0.37163
-0.374036
-0.376782
-0.380014
-0.383912
-0.388569
-0.393966
-0.399873
-0.405993
-0.411942
-0.417339
-0.421871
-0.425323
-0.427643
-0.428868
-0.429149
-0.428736
-0.427877
-0.426822
-0.425743
-0.424751
-0.423857
-0.422988
-0.422039
-0.420926
-0.419577
-0.41796
-0.416056
-0.413901
-0.41154
-0.409027
-0.406426
-0.403777
-0.401119
-0.398467
-0.395795
-0.393084
-0.390286
-0.387321
-0.384122
-0.380638
-0.376811
-0.372656
-0.368228
-0.363629
-0.359072
-0.354771
-0.350972
-0.347889
-0.345678
-0.344405
-0.344086
-0.344638
-0.34597
-0.34793
-0.350382
-0.353153
-0.356059
-0.358946
-0.36165
-0.364039
-0.366021
-0.367522
-0.368504
-0.368938
-0.368821
-0.36816
-0.366962
-0.36523
-0.362976
-0.360236
-0.357018
-0.353393
-0.349413
-0.345229
-0.341007
-0.336985
-0.333424
-0.3306
-0.328766
-0.32806
-0.328464
-0.329893
-0.332136
-0.334931
-0.338025
-0.341189
-0.344246
-0.347072
-0.349584
-0.351747
-0.353549
-0.354971
-0.356019
-0.356694
-0.356994
-0.356896
-0.356378
-0.355425
-0.354008
-0.352107
-0.349744
-0.347024
-0.344142
-0.341369
-0.339068
-0.337545
-0.336997
-0.337391
-0.3385
-0.339883
-0.341082
-0.341678
-0.341383
-0.340037
-0.337638
-0.334287
-0.330231
-0.325787
-0.321356
-0.317333
-0.314089
-0.31188
-0.310844
-0.310952
-0.312073
-0.314077
-0.316804
-0.320163
-0.324095
-0.328495
-0.333308
-0.338436
-0.343739
-0.349073
-0.354312
-0.359329
-0.364033
-0.368349
-0.372235
-0.375649
-0.378575
-0.380991
-0.382901
-0.384298
-0.385158
-0.38547
-0.385225
-0.384396
-0.383
-0.381039
-0.3786
-0.3758
-0.37286
-0.37005
-0.367699
-0.366107
-0.365506
-0.365976
-0.367452
-0.369695
-0.372383
-0.375164
-0.377685
-0.379653
-0.380835
-0.381068
-0.380312
-0.378574
-0.376011
-0.372879
-0.369537
-0.366336
-0.363533
-0.361201
-0.35922
-0.357375
-0.355512
-0.353698
-0.35232
-0.351906
-0.352997
-0.355845
-0.360306
-0.365886
-0.371961
-0.377913
-0.383355
-0.388048
-0.391947
-0.395069
-0.397512
-0.399365
-0.400729
-0.401646
-0.402165
-0.40229
-0.402009
-0.401319
-0.400199
-0.398631
-0.396632
-0.394275
-0.391702
-0.389097
-0.386746
-0.384959
-0.384
-0.384045
-0.385115
-0.387074
-0.389653
-0.392546
-0.39548
-0.398216
-0.400622
-0.402618
-0.404183
-0.405333
-0.406085
-0.40648
-0.406544
-0.406327
-0.405864
-0.405216
-0.404452
-0.403689
-0.403059
-0.402719
-0.402806
-0.40344
-0.404624
-0.406281
-0.408248
-0.410284
-0.412129
-0.413516
-0.414236
-0.414129
-0.413071
-0.410993
-0.40788
-0.403744
-0.398692
-0.392907
-0.386638
-0.380178
-0.373833
-0.367772
-0.362062
-0.356577
-0.351101
-0.345441
-0.339635
-0.334113
-0.329764
-0.327674
-0.328642
-0.332763
-0.339354
-0.34737
-0.355838
-0.364067
-0.371701
-0.378535
-0.384512
-0.389614
-0.393856
-0.397307
-0.40002
-0.402098
-0.403627
-0.404721
-0.405456
-0.405909
-0.406135
-0.406192
-0.406081
-0.405842
-0.405487
-0.405003
-0.404407
-0.403656
-0.402778
-0.401755
-0.400571
-0.399229
-0.397724
-0.396074
-0.394296
-0.392388
-0.390337
-0.388135
-0.385732
-0.383037
-0.379926
-0.376215
-0.37167
-0.366036
-0.359069
-0.350637
-0.340851
-0.330186
-0.319655
-0.310777
-0.30526
-0.304441
-0.30858
-0.316579
-0.326513
-0.336549
-0.345664
-0.353773
-0.361327
-0.368823
-0.376394
-0.383827
-0.390671
-0.396517
-0.401068
-0.404186
-0.405841
-0.406048
-0.404837
-0.402219
-0.398225
-0.392916
-0.386469
-0.379239
-0.371838
-0.365109
-0.359967
-0.357112
-0.356716
-0.35839
-0.361288
-0.364519
-0.367382
-0.369567
-0.37108
-0.372112
-0.372938
-0.373834
-0.375012
-0.376578
-0.378553
-0.380905
-0.383573
-0.386529
-0.389779
-0.393315
-0.397134
-0.401122
-0.405102
-0.408856
-0.41211
-0.414627
-0.416195
-0.416657
-0.415872
-0.413749
-0.410208
-0.405239
-0.398939
-0.391568
-0.383595
-0.375708
-0.368779
-0.363697
-0.361146
-0.361381
-0.36419
-0.368912
-0.374693
-0.380674
-0.38614
-0.390596
-0.393807
-0.395708
-0.396392
-0.396043
-0.394916
-0.393271
-0.391341
-0.389334
-0.387337
-0.385348
-0.383278
-0.381012
-0.37852
-0.375942
-0.373641
-0.37225
-0.372456
-0.374753
-0.379184
-0.385273
-0.392214
-0.399155
-0.40545
-0.410727
-0.414832
-0.417808
-0.419796
-0.420936
-0.42138
-0.421262
-0.420701
-0.419739
-0.418445
-0.416808
-0.414837
-0.412487
-0.409724
-0.406526
-0.402893
-0.398924
-0.394777
-0.390692
-0.386984
-0.384006
-0.382009
-0.381166
-0.381475
-0.382795
-0.38492
-0.387579
-0.39052
-0.393458
-0.396129
-0.398268
-0.39969
-0.400244
-0.399943
-0.398875
-0.397291
-0.395501
-0.393812
-0.392557
-0.391919
-0.391958
-0.392572
-0.39349
-0.394385
-0.394906
-0.394824
-0.394072
-0.39281
-0.391418
-0.390355
-0.390105
-0.390949
-0.392908
-0.395769
-0.399174
-0.40273
-0.406098
-0.409055
-0.411452
-0.413219
-0.414333
-0.414801
-0.414631
-0.413862
-0.412592
-0.410907
-0.408891
-0.406658
-0.404283
-0.401837
-0.399347
-0.3968
-0.394164
-0.391324
-0.388177
-0.384605
-0.380547
-0.376014
-0.371155
-0.366419
-0.362459
-0.360141
-0.360211
-0.363089
-0.368649
-0.376257
-0.385002
-0.393951
-0.402372
-0.40978
-0.415936
-0.420752
-0.424271
-0.426587
-0.427805
-0.428021
-0.427335
-0.425791
-0.423416
-0.420237
-0.416315
-0.411773
-0.40687
-0.402044
-0.397827
-0.394795
-0.393353
-0.393631
-0.395417
-0.398231
-0.401558
-0.404941
-0.40812
-0.410965
-0.413466
-0.41568
-0.41767
-0.419474
-0.421107
-0.422545
-0.423774
-0.424733
-0.425393
-0.425734
-0.425787
-0.42562
-0.425332
-0.425079
-0.425039
-0.425384
-0.426229
-0.427608
-0.429466
-0.431659
-0.434026
-0.436404
-0.438656
-0.440683
-0.442444
-0.443925
-0.445155
-0.446166
-0.447003
-0.447671
-0.448145
-0.448362
-0.448232
-0.447598
-0.446271
-0.444037
-0.440672
-0.43599
-0.429879
-0.422417
-0.413913
-0.404994
-0.396542
-0.389678
-0.385428
-0.384463
-0.386897
-0.392245
-0.399607
-0.407944
-0.41629
-0.423889
-0.43025
-0.435114
-0.438378
-0.440076
-0.440345
-0.439396
-0.437522
-0.435082
-0.432476
-0.430105
-0.428297
-0.427237
-0.426929
-0.427194
-0.427772
-0.428375
-0.428779
-0.428874
-0.428608
-0.428034
-0.427212
-0.426224
-0.425107
-0.423853
-0.422401
-0.420666
-0.418585
-0.416126
-0.413368
-0.410512
-0.407815
-0.40563
-0.404223
-0.403706
-0.404047
-0.405041
-0.406418
-0.407946
-0.409429
-0.410779
-0.411964
-0.412986
-0.413883
-0.414684
-0.41541
-0.416074
-0.416688
-0.417239
-0.417725
-0.418125
-0.418434
-0.418611
-0.418662
-0.418578
-0.418349
-0.41797
-0.417485
-0.416894
-0.416232
-0.415506
-0.414735
-0.413907
-0.413046
-0.412098
-0.411019
-0.409786
-0.408368
-0.406748
-0.404957
-0.403065
-0.401147
-0.399345
-0.397818
-0.396724
-0.396242
-0.396492
-0.39753
-0.399375
-0.401912
-0.405025
-0.408506
-0.412144
-0.415721
-0.419056
-0.421989
-0.424436
-0.426337
-0.42769
-0.428552
-0.428982
-0.429038
-0.428803
-0.428354
-0.427735
-0.426991
-0.4261
-0.424987
-0.423509
-0.421416
-0.418356
-0.413868
-0.40742
-0.398571
-0.387274
-0.374179
-0.361047
-0.350408
-0.344551
-0.34433
-0.348732
-0.355643
-0.362992
-0.36931
-0.373739
-0.375759
-0.375008
-0.371274
-0.364621
-0.355689
-0.345938
-0.337625
-0.333154
-0.33402
-0.340063
-0.34969
-0.360861
-0.371896
-0.381839
-0.390335
-0.397346
-0.403
-0.407405
-0.410644
-0.412745
-0.413728
-0.413575
-0.412208
-0.409499
-0.405363
-0.399808
-0.393107
-0.385927
-0.379222
-0.374168
-0.371734
-0.372426
-0.376132
-0.382127
-0.389394
-0.396814
-0.403525
-0.409023
-0.413122
-0.415886
-0.417502
-0.418224
-0.418276
-0.417842
-0.41708
-0.416086
-0.414947
-0.413708
-0.412423
-0.411138
-0.409877
-0.408677
-0.407573
-0.406586
-0.40573
-0.405008
-0.404405
-0.403903
-0.403454
-0.403031
-0.402585
-0.40211
-0.401571
-0.400963
-0.400327
-0.399681
-0.399105
-0.398653
-0.398373
-0.398304
-0.398478
-0.398908
-0.399572
-0.400448
-0.401536
-0.402794
-0.404194
-0.405672
-0.407151
-0.408525
-0.40964
-0.410332
-0.410409
-0.409732
-0.40819
-0.405812
-0.402819
-0.399669
-0.396992
-0.395542
-0.395936
-0.398543
-0.403301
-0.409744
-0.417207
-0.42496
-0.432402
-0.439128
-0.444918
-0.449729
-0.453576
-0.456544
-0.458694
-0.460087
-0.460783
-0.460817
-0.460217
-0.459034
-0.457273
-0.454911
-0.451921
-0.448163
-0.44345
-0.437546
-0.430258
-0.421519
-0.411601
-0.401212
-0.39148
-0.383635
-0.378562
-0.376413
-0.376656
-0.378459
-0.381243
-0.384755
-0.389115
-0.394513
-0.401051
-0.408621
-0.416872
-0.42537
-0.433633
-0.441202
-0.44774
-0.453004
-0.456843
-0.459235
-0.460264
-0.460129
-0.459163
-0.457849
-0.456685
-0.456184
-0.456647
-0.458148
-0.460491
-0.463306
-0.466185
-0.46876
-0.47079
-0.472145
-0.472788
-0.472731
-0.472048
-0.470784
-0.469018
-0.466762
-0.464056
-0.460903
-0.457335
-0.45341
-0.449214
-0.444984
-0.440973
-0.437485
-0.434713
-0.43269
-0.431209
-0.429906
-0.428424
-0.426635
-0.424744
-0.423263
-0.422772
-0.423573
-0.425564
-0.428258
-0.43105
-0.433543
-0.435616
-0.437381
-0.439017
-0.440775
-0.442841
-0.445405
-0.448606
-0.452444
-0.456734
-0.461104
-0.46513
-0.468495
-0.470984
-0.472606
-0.473394
-0.473425
-0.472756
-0.47144
-0.469519
-0.467112
-0.464382
-0.461554
-0.458886
-0.456569
-0.454719
-0.453294
-0.452175
-0.451146
-0.450001
-0.448617
-0.446957
-0.445088
-0.44318
-0.441422
-0.440033
-0.439231
-0.4392
-0.440061
-0.441801
-0.44422
-0.446943
-0.449464
-0.451268
-0.451853
-0.450955
-0.448472
-0.444617
-0.439846
-0.434803
-0.43025
-0.426917
-0.425354
-0.425894
-0.428513
-0.432913
-0.43857
-0.44481
-0.451001
-0.456616
-0.461384
-0.465194
-0.468083
-0.470214
-0.471778
-0.472998
-0.474057
-0.475088
-0.476142
-0.477151
-0.477923
-0.478144
-0.47746
-0.475513
-0.472026
-0.466908
-0.460247
-0.452425
-0.444135
-0.436207
-0.429444
-0.424322
-0.420853
-0.418594
-0.416904
-0.415145
-0.412924
-0.410194
-0.407267
-0.404742
-0.403326
-0.403519
-0.405303
-0.408133
-0.411085
-0.413227
-0.413871
-0.412716
-0.409874
-0.405743
-0.400935
-0.39618
-0.392158
-0.389401
-0.388178
-0.388503
-0.390141
-0.392759
-0.395962
-0.399416
-0.402912
-0.406294
-0.409466
-0.412355
-0.414889
-0.416978
-0.418499
-0.419371
-0.419528
-0.418927
-0.417575
-0.415498
-0.41279
-0.409606
-0.406135
-0.402583
-0.399157
-0.396026
-0.3933
-0.391
-0.389055
-0.38732
-0.385587
-0.383687
-0.381455
-0.378861
-0.375933
-0.372832
-0.369803
-0.367094
-0.364961
-0.363593
-0.363046
-0.363318
-0.364293
-0.365802
-0.367605
-0.369442
-0.371072
-0.372308
-0.373032
-0.373219
-0.372915
-0.372235
-0.371317
-0.370267
-0.369181
-0.368105
-0.367062
-0.366021
-0.364947
-0.363819
-0.362651
-0.36149
-0.360396
-0.359433
-0.358689
-0.35821
-0.35801
-0.35808
-0.358351
-0.358738
-0.359183
-0.359592
-0.359927
-0.360156
-0.360301
-0.360356
-0.360355
-0.360309
-0.36023
-0.360077
-0.359811
-0.359382
-0.358741
-0.357827
-0.356604
-0.355071
-0.353249
-0.351211
-0.349048
-0.346897
-0.344887
-0.343157
-0.341814
-0.340918
-0.340478
-0.340496
-0.340932
-0.341765
-0.342947
-0.344443
-0.346137
-0.347942
-0.349708
-0.351298
-0.352597
-0.353508
-0.353964
-0.353922
-0.353348
-0.352197
-0.350471
-0.348152
-0.34527
-0.34189
-0.338138
-0.334213
-0.330431
-0.327108
-0.324592
-0.323177
-0.322999
-0.324077
-0.326222
-0.329169
-0.332613
-0.336254
-0.339846
-0.343234
-0.346304
-0.349012
-0.351369
-0.353386
-0.355081
-0.356496
-0.357642
-0.358563
-0.359257
-0.359728
-0.359975
-0.360006
-0.3598
-0.359354
-0.358655
-0.357687
-0.356429
-0.354899
-0.353094
-0.351087
-0.348947
-0.346802
-0.344794
-0.343061
-0.341687
-0.340688
-0.339921
-0.33918
-0.338176
-0.336645
-0.334467
-0.331723
-0.328795
-0.326241
-0.324601
-0.324304
-0.325388
-0.327615
-0.330576
-0.333849
-0.33713
-0.340224
-0.342996
-0.345382
-0.347302
-0.348732
-0.349633
-0.350066
-0.350085
-0.349797
-0.34934
-0.348821
-0.348368
-0.348032
-0.347851
-0.347772
-0.347764
-0.347755
-0.347756
-0.347757
-0.347809
-0.347974
-0.348328
-0.348893
-0.349685
-0.350667
-0.351775
-0.352939
-0.354077
-0.355132
-0.356034
-0.356764
-0.35731
-0.357661
-0.357809
-0.357754
-0.357446
-0.356858
-0.355942
-0.354602
-0.352769
-0.350327
-0.347218
-0.343377
-0.338811
-0.333622
-0.328003
-0.322205
-0.31657
-0.311431
-0.307113
-0.303906
-0.302057
-0.301767
-0.303165
-0.306197
-0.310654
-0.316112
-0.322103
-0.328134
-0.333833
-0.338969
-0.343444
-0.347257
-0.350449
-0.353099
-0.355295
-0.357106
-0.358546
-0.359675
-0.360456
-0.360899
-0.360966
-0.360628
-0.35984
-0.358586
-0.356867
-0.354705
-0.352217
-0.349561
-0.346964
-0.344677
-0.342923
-0.341855
-0.341506
-0.341736
-0.342342
-0.343016
-0.343488
-0.343582
-0.34318
-0.342332
-0.341204
-0.340049
-0.339204
-0.339001
-0.339647
-0.341197
-0.343547
-0.346424
-0.349467
-0.352329
-0.354727
-0.35639
-0.357163
-0.356928
-0.355626
-0.353244
-0.349921
-0.345939
-0.341769
-0.338079
-0.335585
-0.334842
-0.336032
-0.338898
-0.342859
-0.347205
-0.351339
-0.354822
-0.357439
-0.359138
-0.359985
-0.360097
-0.359618
-0.358732
-0.357596
-0.356371
-0.35517
-0.354087
-0.353141
-0.352294
-0.35148
-0.350602
-0.349547
-0.348259
-0.346679
-0.344831
-0.3428
-0.340705
-0.338694
-0.336929
-0.335555
-0.334697
-0.334416
-0.334741
-0.335669
-0.337148
-0.339131
-0.341511
-0.344201
-0.347088
-0.350052
-0.352952
-0.355676
-0.358086
-0.360098
-0.361612
-0.362575
-0.362943
-0.362696
-0.361791
-0.360221
-0.357946
-0.354924
-0.351077
-0.346352
-0.340712
-0.334297
-0.327484
-0.32108
-0.316221
-0.314116
-0.315449
-0.320068
-0.326966
-0.334805
-0.342379
-0.348905
-0.354072
-0.357829
-0.360284
-0.361569
-0.361814
-0.361125
-0.359569
-0.357215
-0.354177
-0.350561
-0.346509
-0.34218
-0.337711
-0.333168
-0.328575
-0.323907
-0.319151
-0.314413
-0.310053
-0.306588
-0.304596
-0.304466
-0.306134
-0.309096
-0.312607
-0.315897
-0.318405
-0.319892
-0.320413
-0.320202
-0.319617
-0.319018
-0.318698
-0.318779
-0.319251
-0.319953
-0.320631
-0.321038
-0.320909
-0.320058
-0.318351
-0.315769
-0.312411
-0.308498
-0.304451
-0.300815
-0.298147
-0.29693
-0.297303
-0.299113
-0.301945
-0.30525
-0.308572
-0.311547
-0.313999
-0.315884
-0.317235
-0.318133
-0.318675
-0.31896
-0.319072
-0.319081
-0.319057
-0.319026
-0.319034
-0.319101
-0.319253
-0.3195
-0.319865
-0.320341
-0.320924
-0.321636
-0.322455
-0.323383
-0.324411
-0.325527
-0.326716
-0.327947
-0.329217
-0.330487
-0.331726
-0.332884
-0.333909
-0.33473
-0.335254
-0.335378
-0.334974
-0.333878
-0.331918
-0.328934
-0.324787
-0.319442
-0.313147
-0.306467
-0.300362
-0.29598
-0.294305
-0.295691
-0.29971
-0.305407
-0.31171
-0.317816
-0.323364
-0.328332
-0.332936
-0.337464
-0.342187
-0.347249
-0.352618
-0.358124
-0.363416
-0.368085
-0.371679
-0.373827
-0.37421
-0.372661
-0.369142
-0.363759
-0.356925
-0.34922
-0.341477
-0.334682
-0.329766
-0.327429
-0.327928
-0.331061
-0.336246
-0.342672
-0.349502
-0.355987
-0.361613
-0.36612
-0.369473
-0.371801
-0.3733
-0.374196
-0.374632
-0.374697
-0.374394
-0.373716
-0.372577
-0.370952
-0.368814
-0.36614
-0.362967
-0.359369
-0.355456
-0.351403
-0.347445
-0.34386
-0.34092
-0.338842
-0.337694
-0.33747
-0.337974
-0.338925
-0.340051
-0.341197
-0.342376
-0.34384
-0.345972
-0.349109
-0.353371
-0.358608
-0.364381
-0.370201
-0.375625
-0.38035
-0.38423
-0.387253
-0.389461
-0.390931
-0.391751
-0.391959
-0.39157
-0.390585
-0.388965
-0.386668
-0.383683
-0.380044
-0.375896
-0.37157
-0.367559
-0.364479
-0.362906
-0.363183
-0.365348
-0.369038
-0.373673
-0.378658
-0.38348
-0.387797
-0.391423
-0.394274
-0.396319
-0.397538
-0.397899
-0.397376
-0.395892
-0.393387
-0.389819
-0.38517
-0.379496
-0.372926
-0.365617
-0.357759
-0.349595
-0.341459
-0.33396
-0.328016
-0.324765
-0.325222
-0.329803
-0.338092
-0.348956
-0.360998
-0.373002
-0.3841
-0.393776
-0.401805
-0.408165
-0.412947
-0.416279
-0.418329
-0.41931
-0.419378
-0.418716
-0.417531
-0.416006
-0.414368
-0.412831
-0.411623
-0.410943
-0.410948
-0.411714
-0.413183
-0.415238
-0.417666
-0.420161
-0.422388
-0.424002
-0.424698
-0.424191
-0.422264
-0.418812
-0.413831
-0.4075
-0.400227
-0.392755
-0.386196
-0.381987
-0.381436
-0.385111
-0.392406
-0.401701
-0.411094
-0.419054
-0.424689
-0.427738
-0.428328
-0.426789
-0.423634
-0.419442
-0.414827
-0.410426
-0.40677
-0.404181
-0.402734
-0.402303
-0.402614
-0.403404
-0.404515
-0.405949
-0.407772
-0.410145
-0.413166
-0.416874
-0.421224
-0.426088
-0.431284
-0.43658
-0.441788
-0.446716
-0.451184
-0.455087
-0.458379
-0.461016
-0.463
-0.464342
-0.465065
-0.465179
-0.464699
-0.463627
-0.461958
-0.459685
-0.456844
-0.453465
-0.449645
-0.445498
-0.441233
-0.437094
-0.433332
-0.430213
-0.42786
-0.426286
-0.425367
-0.424847
-0.424453
-0.424004
-0.423453
-0.422906
-0.422546
-0.422559
-0.423054
-0.424003
-0.425229
-0.426496
-0.42753
-0.428111
-0.428149
-0.427647
-0.426736
-0.425632
-0.424553
-0.423734
-0.423319
-0.423342
-0.423747
-0.424441
-0.425321
-0.426331
-0.427472
-0.428759
-0.430197
-0.431742
-0.433314
-0.434799
-0.436066
-0.437052
-0.437704
-0.438005
-0.437997
-0.437695
-0.437147
-0.43639
-0.435451
-0.434343
-0.433063
-0.431609
-0.429953
-0.428092
-0.426042
-0.423848
-0.421572
-0.4193
-0.417151
-0.415195
-0.413526
-0.412213
-0.411279
-0.410759
-0.410702
-0.411223
-0.412405
-0.414358
-0.417114
-0.420607
-0.42467
-0.429044
-0.433441
-0.437589
-0.441263
-0.444352
-0.446748
-0.448442
-0.449481
-0.449944
-0.44994
-0.44961
-0.449044
-0.448348
-0.447533
-0.446538
-0.445242
-0.443488
-0.441121
-0.438079
-0.434431
-0.430358
-0.426183
-0.422344
-0.419222
-0.417131
-0.41619
-0.416387
-0.417516
-0.419328
-0.421587
-0.424163
-0.427079
-0.430443
-0.434391
-0.438999
-0.444184
-0.449702
-0.455159
-0.460129
-0.464185
-0.467055
-0.468599
-0.468903
-0.468279
-0.467205
-0.46634
-0.466309
-0.467548
-0.470103
-0.473573
-0.477213
-0.480149
-0.481537
-0.480707
-0.477193
-0.470819
-0.46178
-0.450871
-0.439689
-0.430527
-0.425691
-0.426438
-0.432289
-0.44142
-0.451711
-0.461603
-0.470309
-0.47763
-0.483665
-0.488548
-0.492455
-0.49552
-0.497833
-0.49952
-0.500649
-0.501314
-0.501594
-0.501554
-0.50127
-0.500793
-0.500177
-0.499502
-0.498848
-0.498276
-0.497868
-0.497665
-0.497722
-0.498046
-0.498606
-0.499359
-0.500198
-0.500999
-0.501623
-0.501961
-0.50189
-0.501355
-0.500299
-0.498728
-0.496717
-0.494384
-0.491882
-0.489396
-0.487092
-0.48505
-0.483302
-0.48181
-0.480489
-0.47929
-0.478251
-0.477489
-0.477217
-0.477634
-0.478891
-0.480997
-0.483797
-0.487034
-0.49036
-0.493471
-0.496087
-0.498047
-0.499281
-0.499807
-0.499709
-0.499105
-0.498135
-0.4969
-0.495455
-0.493798
-0.491921
-0.489793
-0.487466
-0.48505
-0.482779
-0.480959
-0.479906
-0.479793
-0.480616
-0.482194
-0.484159
-0.486128
-0.487743
-0.488783
-0.489186
-0.489041
-0.488522
-0.487846
-0.487237
-0.486848
-0.486723
-0.486777
-0.486844
-0.486672
-0.485982
-0.484553
-0.482212
-0.478959
-0.475012
-0.470788
-0.466883
-0.463973
-0.462629
-0.463091
-0.465275
-0.468795
-0.473104
-0.477697
-0.482182
-0.486313
-0.489986
-0.493177
-0.495913
-0.498254
-0.500245
-0.501939
-0.503391
-0.504637
-0.505693
-0.506555
-0.507245
-0.507752
-0.508029
-0.50808
-0.507852
-0.507333
-0.506492
-0.505323
-0.50383
-0.502017
-0.499921
-0.497592
-0.495061
-0.492323
-0.489326
-0.486043
-0.482399
-0.478356
-0.474007
-0.469552
-0.465372
-0.46193
-0.459577
-0.458474
-0.458437
-0.459097
-0.460032
-0.460947
-0.461741
-0.462492
-0.463318
-0.464294
-0.465345
-0.466251
-0.466698
-0.466302
-0.464852
-0.462306
-0.458956
-0.455495
-0.452887
-0.452039
-0.453469
-0.457054
-0.462056
-0.467533
-0.472626
-0.476791
-0.479813
-0.481695
-0.482579
-0.48268
-0.482206
-0.481334
-0.480237
-0.479057
-0.477885
-0.476794
-0.475834
-0.475032
-0.474375
-0.473825
-0.473336
-0.47284
-0.47227
-0.471581
-0.470723
-0.469659
-0.468365
-0.466827
-0.465074
-0.463123
-0.460977
-0.458644
-0.456115
-0.453349
-0.45035
-0.447142
-0.443834
-0.440617
-0.437846
-0.435879
-0.435033
-0.435394
-0.436749
-0.438688
-0.440629
-0.442047
-0.442596
-0.4421
-0.440606
-0.438333
-0.435618
-0.432937
-0.430791
-0.429663
-0.429899
-0.431618
-0.434753
-0.439012
-0.443968
-0.449214
-0.454345
-0.459047
-0.463098
-0.466333
-0.468647
-0.469939
-0.470149
-0.469179
-0.466997
-0.463546
-0.458875
-0.453071
-0.446362
-0.439114
-0.431796
-0.424951
-0.419074
-0.414523
-0.411412
-0.409597
-0.408755
-0.408478
-0.408431
-0.408434
-0.408433
-0.408591
-0.40913
-0.410332
-0.412442
-0.415556
-0.419621
-0.424428
-0.429656
-0.434966
-0.440037
-0.444611
-0.448522
-0.451676
-0.454009
-0.455471
-0.455985
-0.455428
-0.453644
-0.450352
-0.445279
-0.438124
-0.428747
-0.417272
-0.404281
-0.391018
-0.37925
-0.37093
-0.36748
-0.369156
-0.374897
-0.382843
-0.391172
-0.398618
-0.404656
-0.409397
-0.413234
-0.416617
-0.419877
-0.423118
-0.426322
-0.429328
-0.431974
-0.434148
-0.435771
-0.436826
-0.437346
-0.43739
-0.437006
-0.436236
-0.435104
-0.433629
-0.431768
-0.429553
-0.426972
-0.424029
-0.420799
-0.417396
-0.413974
-0.410721
-0.407854
-0.405563
-0.404008
-0.403293
-0.403418
-0.404349
-0.40595
-0.40808
-0.410553
-0.413203
-0.415841
-0.418328
-0.420546
-0.422389
-0.423772
-0.424631
-0.424921
-0.424597
-0.423666
-0.422119
-0.419966
-0.417242
-0.414034
-0.41043
-0.406585
-0.402682
-0.398919
-0.395497
-0.392623
-0.390459
-0.389121
-0.388629
-0.388993
-0.390163
-0.392024
-0.394489
-0.397387
-0.400554
-0.403826
-0.407011
-0.409959
-0.412522
-0.414585
-0.416093
-0.417014
-0.417386
-0.417305
-0.416909
-0.416366
-0.41586
-0.415581
-0.415662
-0.416175
-0.417141
-0.418534
-0.420291
-0.422351
-0.424586
-0.426882
-0.429078
-0.431002
-0.432456
-0.433218
-0.433054
-0.431738
-0.42906
-0.424807
-0.418894
-0.411352
-0.40239
-0.392419
-0.382108
-0.372221
-0.363464
-0.356359
-0.351136
-0.347806
-0.346352
-0.346879
-0.34958
-0.354526
-0.361461
-0.369762
-0.378545
-0.386973
-0.39436
-0.400318
-0.404704
-0.407619
-0.40933
-0.410237
-0.410712
-0.411138
-0.411741
-0.412636
-0.413797
-0.415106
-0.416463
-0.417725
-0.418822
-0.419721
-0.420399
-0.42085
-0.421045
-0.420941
-0.420424
-0.419343
-0.417477
-0.414572
-0.410371
-0.404742
-0.397833
-0.390189
-0.382889
-0.377286
-0.374521
-0.374944
-0.377954
-0.382375
-0.38713
-0.39163
-0.395804
-0.399897
-0.404122
-0.40857
-0.413106
-0.4175
-0.421493
-0.424876
-0.42755
-0.42949
-0.430721
-0.431302
-0.431329
-0.430861
-0.429987
-0.428786
-0.427318
-0.425677
-0.423938
-0.422156
-0.420423
-0.418796
-0.417362
-0.416208
-0.415385
-0.414955
-0.414933
-0.415303
-0.416011
-0.416944
-0.417969
-0.418955
-0.41975
-0.420296
-0.420536
-0.420507
-0.420282
-0.419928
-0.419547
-0.419237
-0.419035
-0.418948
-0.418927
-0.418866
-0.418688
-0.418336
-0.41782
-0.417231
-0.416764
-0.416625
-0.417101
-0.418453
-0.420897
-0.424549
-0.429279
-0.4347
-0.440218
-0.445184
-0.449018
-0.451348
-0.451994
-0.450993
-0.448518
-0.444788
-0.440121
-0.43484
-0.429274
-0.423779
-0.418654
-0.414187
-0.410574
-0.407968
-0.406445
-0.405977
-0.406481
-0.407759
-0.409605
-0.411821
-0.414308
-0.417049
-0.420031
-0.423189
-0.42636
-0.429342
-0.431918
-0.433982
-0.435548
-0.436753
-0.437843
-0.439083
-0.440735
-0.442878
-0.445489
-0.448427
-0.451496
-0.454473
-0.45719
-0.459514
-0.461398
-0.462854
-0.463923
-0.464662
-0.465165
-0.465458
-0.465622
-0.465662
-0.465558
-0.465277
-0.464757
-0.46394
-0.462761
-0.461207
-0.459309
-0.457178
-0.454992
-0.452938
-0.451186
-0.449857
-0.448959
-0.448407
-0.44804
-0.447734
-0.447409
-0.447119
-0.446997
-0.447326
-0.448357
-0.450306
-0.453256
-0.457148
-0.461794
-0.466933
-0.472283
-0.477588
-0.482618
-0.4872
-0.491182
-0.494453
-0.496921
-0.498509
-0.499169
-0.498868
-0.497637
-0.495554
-0.492796
-0.489608
-0.48635
-0.483427
-0.481251
-0.480143
-0.480242
-0.481457
-0.483542
-0.486063
-0.488561
-0.490664
-0.492132
-0.492902
-0.493067
-0.492839
-0.49251
-0.492368
-0.492658
-0.493523
-0.495026
-0.497114
-0.499633
-0.502423
-0.505249
-0.507951
-0.510381
-0.512424
-0.51402
-0.515137
-0.515782
-0.515985
-0.51579
-0.515275
-0.514522
-0.513584
-0.512555
-0.511507
-0.510465
-0.509453
-0.508421
-0.507299
-0.505991
-0.504385
-0.502386
-0.4999
-0.496857
-0.493239
-0.489055
-0.484351
-0.479234
-0.473854
-0.468424
-0.463264
-0.458793
-0.455509
-0.453908
-0.454432
-0.457353
-0.46263
-0.469921
-0.478634
-0.488017
-0.497325
-0.505902
-0.513322
-0.5193
-0.523757
-0.526725
-0.52832
-0.528707
-0.528084
-0.526663
-0.524678
-0.522341
-0.519891
-0.517527
-0.515441
-0.513794
-0.512658
-0.51205
-0.511904
-0.512099
-0.512457
-0.512774
-0.5128
-0.512337
-0.511171
-0.509124
-0.506083
-0.502027
-0.496996
-0.491154
-0.484763
-0.47811
-0.471511
-0.465209
-0.459421
-0.454376
-0.450414
-0.447994
-0.447614
-0.449674
-0.454279
-0.461124
-0.46954
-0.478676
-0.487673
-0.495831
-0.502657
-0.507859
-0.511322
-0.513065
-0.513181
-0.511786
-0.50908
-0.50528
-0.500669
-0.495576
-0.490418
-0.485637
-0.481676
-0.478883
-0.477365
-0.476991
-0.477436
-0.478213
-0.478912
-0.479255
-0.479185
-0.478809
-0.478463
-0.478506
-0.479268
-0.480923
-0.483488
-0.486693
-0.490142
-0.493394
-0.496062
-0.497858
-0.4986
-0.498209
-0.496669
-0.494033
-0.490395
-0.485871
-0.48066
-0.474995
-0.469185
-0.463524
-0.458274
-0.453671
-0.449918
-0.447215
-0.445721
-0.445548
-0.44668
-0.448899
-0.451821
-0.454975
-0.457891
-0.460267
-0.461918
-0.46281
-0.463029
-0.462701
-0.461975
-0.461027
-0.459998
-0.459037
-0.458268
-0.457784
-0.457627
-0.457767
-0.458063
-0.458358
-0.45846
-0.458147
-0.457241
-0.455589
-0.453053
-0.449503
-0.444861
-0.439055
-0.432134
-0.424323
-0.416165
-0.408559
-0.402657
-0.399589
-0.399976
-0.403521
-0.409137
-0.415379
-0.420982
-0.425173
-0.427657
-0.428501
-0.427984
-0.426449
-0.424283
-0.421811
-0.419302
-0.416936
-0.41483
-0.413011
-0.411446
-0.410073
-0.408811
-0.407581
-0.406272
-0.404852
-0.403267
-0.40147
-0.399455
-0.397222
-0.394784
-0.392197
-0.389517
-0.386823
-0.384224
-0.381842
-0.379765
-0.378079
-0.376788
-0.375895
-0.375309
-0.374929
-0.374618
-0.374242
-0.373692
-0.372818
-0.371528
-0.369713
-0.367284
-0.364164
-0.360298
-0.355674
-0.350345
-0.344475
-0.338379
-0.33248
-0.327279
-0.323312
-0.320943
-0.320312
-0.321286
-0.323507
-0.326545
-0.329957
-0.333394
-0.336596
-0.339419
-0.341802
-0.343715
-0.345191
-0.346281
-0.347035
-0.347514
-0.347764
-0.347835
-0.347773
-0.34762
-0.347411
-0.347176
-0.346937
-0.346728
-0.346535
-0.346396
-0.346326
-0.346307
-0.346321
-0.346352
-0.346342
-0.346242
-0.345965
-0.345449
-0.344605
-0.343368
-0.341744
-0.339809
-0.337754
-0.33587
-0.334546
-0.334103
-0.3348
-0.336623
-0.339368
-0.342632
-0.345938
-0.348854
-0.351036
-0.352272
-0.352435
-0.351527
-0.349576
-0.346681
-0.34295
-0.338539
-0.333574
-0.328244
-0.322731
-0.317321
-0.312314
-0.308114
-0.305085
-0.303495
-0.303416
-0.304724
-0.307182
-0.310522
-0.314547
-0.319148
-0.324284
-0.329924
-0.336022
-0.342467
-0.349091
-0.35566
-0.361933
-0.367711
-0.372797
-0.377073
-0.380401
-0.382712
-0.383927
-0.383982
-0.382836
-0.380498
-0.377062
-0.372734
-0.367827
-0.3627
-0.357665
-0.352879
-0.348325
-0.343954
-0.339935
-0.336834
-0.33552
-0.336732
-0.340558
-0.346311
-0.352826
-0.358977
-0.363991
-0.367586
-0.369806
-0.370887
-0.371148
-0.370887
-0.370366
-0.36978
-0.369245
-0.368829
-0.368556
-0.368417
-0.368372
-0.368359
-0.368341
-0.368299
-0.368184
-0.367994
-0.367737
-0.367418
-0.367062
-0.366706
-0.366337
-0.365953
-0.365522
-0.365021
-0.364428
-0.363713
-0.362862
-0.361904
-0.360874
-0.359846
-0.358916
-0.358167
-0.35769
-0.357576
-0.357887
-0.358665
-0.359896
-0.36155
-0.363525
-0.365705
-0.367926
-0.370015
-0.371783
-0.372996
-0.37342
-0.372779
-0.370779
-0.367159
-0.361818
-0.355013
-0.347561
-0.340974
-0.337022
-0.336998
-0.340947
-0.347561
-0.354881
-0.361021
-0.364677
-0.365165
-0.362269
-0.356256
-0.347948
-0.338944
-0.331515
-0.327902
-0.329293
-0.335245
-0.343994
-0.353525
-0.362282
-0.369501
-0.374945
-0.378731
-0.381094
-0.382265
-0.382469
-0.381879
-0.380627
-0.378831
-0.376587
-0.374025
-0.371277
-0.36853
-0.365992
-0.363872
-0.362347
-0.361567
-0.361541
-0.36222
-0.363418
-0.364948
-0.366613
-0.368252
-0.369737
-0.371027
-0.372094
-0.372949
-0.37365
-0.374271
-0.374837
-0.375394
-0.375948
-0.3765
-0.376995
-0.377397
-0.377639
-0.377653
-0.377384
-0.376796
-0.375891
-0.374693
-0.373262
-0.371684
-0.370042
-0.368422
-0.366937
-0.365658
-0.364675
-0.364062
-0.363846
-0.364034
-0.364609
-0.365504
-0.366625
-0.367881
-0.369174
-0.370431
-0.371552
-0.372515
-0.373288
-0.373854
-0.374219
-0.374364
-0.374226
-0.373715
-0.372771
-0.371372
-0.369556
-0.367458
-0.365287
-0.363332
-0.36186
-0.361119
-0.361224
-0.362236
-0.364087
-0.366611
-0.369622
-0.372873
-0.376108
-0.379101
-0.381593
-0.383396
-0.384348
-0.384429
-0.383636
-0.382118
-0.380096
-0.377867
-0.375748
-0.374021
-0.372894
-0.372428
-0.372559
-0.373131
-0.37392
-0.37471
-0.375306
-0.375564
-0.375409
-0.374757
-0.373607
-0.371952
-0.369814
-0.367252
-0.364348
-0.361231
-0.358042
-0.354979
-0.352243
-0.349949
-0.348231
-0.34711
-0.34655
-0.346412
-0.346542
-0.346713
-0.346702
-0.346313
-0.345372
-0.343761
-0.341478
-0.338618
-0.335441
-0.332325
-0.329738
-0.328108
-0.327704
-0.328565
-0.330481
-0.333111
-0.336053
-0.339001
-0.341725
-0.344111
-0.346121
-0.347781
-0.349131
-0.350232
-0.351136
-0.351896
-0.352533
-0.353086
-0.353584
-0.354038
-0.354463
-0.354845
-0.355167
-0.355414
-0.355525
-0.355432
