1.80674
1.81303
1.818
1.82121
1.82239
1.82151
1.81885
1.81502
1.81088
1.80737
1.80529
1.80503
1.80647
1.80909
1.81225
1.81537
1.81803
1.81993
1.82089
1.8207
1.81921
1.81636
1.81221
1.80701
1.80117
1.7952
1.78964
1.78494
1.78149
1.77955
1.77928
1.78078
1.784
1.7888
1.79491
1.80196
1.80955
1.81727
1.82475
1.83173
1.83802
1.84352
1.84819
1.85206
1.85518
1.85765
1.85955
1.86102
1.86217
1.86312
1.86395
1.86474
1.86553
1.86629
1.86694
1.86735
1.86726
1.86635
1.86415
1.86011
1.85355
1.84373
1.83001
1.81203
1.79016
1.76585
1.742
1.72249
1.71103
1.70975
1.71839
1.73462
1.75499
1.77606
1.79511
1.81048
1.82151
1.82835
1.83164
1.8323
1.83138
1.82989
1.82863
1.82816
1.8287
1.83019
1.83237
1.8349
1.83739
1.83955
1.84112
1.84193
1.84184
1.84079
1.83873
1.83564
1.83152
1.82641
1.82038
1.81358
1.80621
1.79857
1.79101
1.78398
1.77791
1.77321
1.77022
1.76911
1.7699
1.77246
1.77646
1.78152
1.78722
1.79314
1.79894
1.80431
1.80902
1.81292
1.81593
1.81805
1.81936
1.81997
1.82002
1.81967
1.81907
1.81831
1.8175
1.81666
1.8158
1.81488
1.81388
1.81275
1.81148
1.81012
1.80875
1.80753
1.80661
1.80615
1.80621
1.8068
1.8078
1.80904
1.81032
1.81146
1.81229
1.81267
1.81247
1.81152
1.80968
1.80686
1.80309
1.79862
1.79393
1.78971
1.78668
1.78544
1.78631
1.78927
1.79401
1.80003
1.80675
1.81357
1.82
1.82565
1.83031
1.83388
1.83633
1.8377
1.83803
1.83735
1.83568
1.83307
1.82958
1.82536
1.82066
1.81587
1.81146
1.80793
1.80569
1.80495
1.8057
1.80768
1.81055
1.8139
1.81737
1.82061
1.82331
1.82516
1.82592
1.82538
1.82351
1.82048
1.81676
1.81307
1.81028
1.8091
1.8098
1.81219
1.81569
1.81962
1.8234
1.82664
1.82909
1.83059
1.831
1.83025
1.8283
1.82524
1.82125
1.81665
1.81182
1.8072
1.80321
1.8002
1.7984
1.79796
1.79883
1.80083
1.80361
1.80668
1.80953
1.81175
1.81306
1.81344
1.81313
1.81264
1.81266
1.81388
1.81672
1.8212
1.82689
1.83308
1.83905
1.84423
1.84829
1.85107
1.85258
1.85288
1.85206
1.8502
1.84735
1.84354
1.83883
1.83324
1.82685
1.81976
1.81215
1.80425
1.79632
1.78868
1.78161
1.77533
1.77004
1.76586
1.7629
1.76124
1.76096
1.76206
1.7645
1.76811
1.77265
1.77779
1.78316
1.78841
1.79324
1.79741
1.80075
1.80319
1.80469
1.80529
1.80506
1.80414
1.80275
1.80113
1.7996
1.79843
1.79785
1.798
1.79885
1.80029
1.8021
1.80406
1.80598
1.80769
1.8091
1.81019
1.81093
1.81134
1.81147
1.81133
1.81095
1.81035
1.80955
1.80855
1.80734
1.80594
1.80436
1.80265
1.80089
1.7992
1.79773
1.79666
1.79612
1.79622
1.79694
1.7982
1.79983
1.80166
1.80351
1.80525
1.80681
1.80816
1.80933
1.81034
1.81124
1.81205
1.81279
1.81345
1.81401
1.81447
1.8148
1.81501
1.81512
1.81516
1.81521
1.81532
1.81557
1.81601
1.81668
1.81759
1.81874
1.82008
1.82157
1.82315
1.82477
1.82639
1.82799
1.82955
1.83109
1.83262
1.83417
1.83578
1.83747
1.83926
1.84118
1.84323
1.84541
1.84771
1.8501
1.85253
1.85496
1.85729
1.85946
1.86135
1.86288
1.86396
1.86448
1.86439
1.86363
1.86216
1.86001
1.85722
1.85387
1.8501
1.84606
1.8419
1.83776
1.83373
1.82986
1.82612
1.82254
1.81921
1.81645
1.81487
1.81529
1.81852
1.82492
1.83414
1.84514
1.85652
1.86687
1.87499
1.87994
1.881
1.87766
1.86983
1.85816
1.8445
1.83195
1.82417
1.82391
1.83151
1.8448
1.86036
1.8751
1.88711
1.89566
1.90072
1.9026
1.90168
1.89837
1.89314
1.88665
1.87983
1.87386
1.86994
1.86893
1.87107
1.87592
1.88253
1.8898
1.89671
1.90257
1.90697
1.90979
1.9111
1.91109
1.91001
1.90813
1.90569
1.90294
1.90003
1.8971
1.8942
1.89132
1.88843
1.88549
1.88243
1.87926
1.87602
1.87285
1.86994
1.86758
1.86603
1.86554
1.86622
1.86805
1.87089
1.87449
1.87855
1.8828
1.887
1.89097
1.89458
1.89773
1.90036
1.90243
1.90392
1.90479
1.90506
1.90473
1.90386
1.90253
1.90089
1.89913
1.89752
1.8963
1.89574
1.89599
1.89711
1.89899
1.90138
1.9039
1.90614
1.90766
1.90804
1.90692
1.90395
1.89888
1.89173
1.88292
1.8736
1.86556
1.86073
1.86024
1.86376
1.86969
1.87618
1.88182
1.88602
1.88875
1.89028
1.89091
1.89084
1.89014
1.88878
1.88663
1.88357
1.87948
1.87434
1.86818
1.86113
1.85338
1.84515
1.83674
1.82851
1.82094
1.81466
1.81045
1.80905
1.81096
1.81612
1.82388
1.83317
1.84283
1.85191
1.85982
1.86632
1.87143
1.87537
1.8784
1.88078
1.88271
1.88434
1.88573
1.88688
1.88778
1.88837
1.88865
1.88858
1.88818
1.88746
1.88644
1.88516
1.88364
1.88191
1.87998
1.87788
1.87562
1.87319
1.87062
1.86791
1.86512
1.86229
1.85951
1.85689
1.85456
1.85265
1.85124
1.85042
1.85016
1.8504
1.85104
1.85191
1.85284
1.85366
1.85417
1.85417
1.85342
1.85171
1.84886
1.84486
1.84002
1.83508
1.83116
1.82947
1.8307
1.83459
1.83998
1.84529
1.8491
1.85054
1.84936
1.84588
1.84088
1.83541
1.83047
1.82682
1.82483
1.82452
1.82576
1.82833
1.83192
1.83608
1.84033
1.84423
1.84749
1.85002
1.85185
1.85315
1.85408
1.85484
1.85556
1.85636
1.85728
1.85834
1.8595
1.86073
1.86197
1.86314
1.86422
1.86516
1.86594
1.86657
1.86704
1.86736
1.86752
1.8675
1.86723
1.86662
1.86553
1.86382
1.86139
1.85823
1.85454
1.85071
1.84737
1.8452
1.84474
1.84615
1.8492
1.85338
1.85813
1.863
1.86766
1.87193
1.87562
1.87855
1.8805
1.88124
1.88058
1.87838
1.87459
1.86931
1.86276
1.8553
1.84741
1.8397
1.83279
1.82732
1.82373
1.82217
1.82238
1.82378
1.82566
1.82736
1.82841
1.82871
1.82854
1.82857
1.82955
1.83202
1.83607
1.84133
1.84717
1.85299
1.85839
1.8632
1.86742
1.87116
1.87453
1.87756
1.88026
1.88259
1.88451
1.88599
1.88702
1.88763
1.88786
1.88773
1.88728
1.88649
1.88537
1.88388
1.88195
1.87953
1.87653
1.87291
1.86861
1.8636
1.85789
1.85156
1.84476
1.83771
1.83076
1.82436
1.819
1.81517
1.81324
1.81335
1.81542
1.81911
1.82396
1.82946
1.83512
1.84055
1.8455
1.84981
1.85343
1.85636
1.85869
1.86048
1.86183
1.86282
1.86349
1.86389
1.86402
1.8639
1.8635
1.86285
1.86193
1.86077
1.85938
1.85779
1.85604
1.85415
1.85218
1.85015
1.84809
1.84604
1.84403
1.84211
1.84034
1.83881
1.83765
1.83697
1.8369
1.8375
1.83876
1.84064
1.84303
1.84577
1.84872
1.85174
1.85469
1.85747
1.86
1.86223
1.86411
1.86562
1.86674
1.86745
1.86775
1.86765
1.86713
1.86622
1.86493
1.86328
1.86132
1.85911
1.85673
1.85429
1.85193
1.84979
1.848
1.84665
1.84577
1.84527
1.84495
1.84457
1.84387
1.84265
1.84086
1.83863
1.8362
1.83389
1.83201
1.83075
1.83022
1.83047
1.83156
1.83359
1.83665
1.84075
1.84573
1.85126
1.85681
1.86179
1.86556
1.86756
1.86729
1.86441
1.85869
1.85011
1.83891
1.82564
1.81125
1.79715
1.78506
1.77671
1.77325
1.77485
1.78061
1.78909
1.79883
1.80873
1.8181
1.82652
1.8338
1.83984
1.84466
1.84839
1.85123
1.85344
1.85523
1.85683
1.85837
1.85994
1.86155
1.8632
1.86484
1.86645
1.86799
1.8695
1.87102
1.87262
1.87434
1.87621
1.8782
1.8802
1.88204
1.8835
1.8843
1.88412
1.8826
1.87936
1.87394
1.86593
1.85501
1.84111
1.82469
1.80687
1.78941
1.7744
1.76373
1.75872
1.75977
1.7662
1.77637
1.78814
1.79956
1.80942
1.81732
1.82365
1.82926
1.8351
1.84182
1.8495
1.85766
1.86553
1.87235
1.87761
1.88104
1.88263
1.88246
1.88072
1.87761
1.87338
1.86825
1.86252
1.85647
1.85043
1.8447
1.83959
1.83537
1.8323
1.83062
1.83047
1.83186
1.83458
1.83825
1.84238
1.84651
1.85029
1.8535
1.85604
1.85792
1.85914
1.85974
1.85975
1.85919
1.85809
1.85647
1.85435
1.85168
1.84837
1.84426
1.83915
1.83288
1.82535
1.81667
1.80714
1.79721
1.78737
1.77805
1.76955
1.7622
1.75647
1.75311
1.75305
1.75704
1.76521
1.77678
1.79019
1.8036
1.81548
1.8249
1.83156
1.83554
1.83716
1.83677
1.83468
1.83111
1.82616
1.81989
1.8123
1.80348
1.79371
1.78359
1.77404
1.7662
1.76108
1.75922
1.76042
1.76395
1.76882
1.77413
1.77923
1.78374
1.78748
1.7904
1.79251
1.79387
1.79454
1.79459
1.79405
1.79299
1.79143
1.7894
1.78694
1.78406
1.78082
1.77727
1.77348
1.76956
1.76561
1.76176
1.75815
1.75489
1.75211
1.74991
1.7484
1.74764
1.7477
1.7486
1.75032
1.75276
1.7558
1.75927
1.76298
1.76675
1.77044
1.77393
1.77716
1.7801
1.78275
1.78512
1.78724
1.78915
1.79087
1.7924
1.79373
1.7948
1.79552
1.79573
1.79522
1.7937
1.7909
1.78661
1.7808
1.77387
1.7667
1.76057
1.75664
1.75535
1.75607
1.75738
1.7578
1.75638
1.75305
1.74843
1.7435
1.73915
1.73585
1.73363
1.73236
1.73208
1.73298
1.73523
1.73867
1.74281
1.74704
1.75094
1.75444
1.75779
1.76142
1.76562
1.77048
1.77586
1.78148
1.78703
1.79224
1.79692
1.80095
1.80424
1.80671
1.80835
1.80913
1.80908
1.80828
1.80683
1.80491
1.80273
1.80053
1.79856
1.79701
1.796
1.79557
1.79564
1.79606
1.79661
1.79708
1.79725
1.79694
1.79603
1.79441
1.79201
1.78878
1.7847
1.77977
1.77403
1.76759
1.76065
1.75357
1.74678
1.74086
1.73637
1.73376
1.73324
1.73474
1.7379
1.74219
1.74711
1.75222
1.75724
1.762
1.76643
1.77048
1.77411
1.77726
1.77989
1.78195
1.78341
1.78428
1.7846
1.78443
1.78387
1.78303
1.78202
1.78095
1.77988
1.77887
1.77794
1.77708
1.77624
1.7754
1.77451
1.77355
1.77253
1.77148
1.77043
1.76945
1.76861
1.76796
1.76754
1.76735
1.76739
1.76761
1.76794
1.76829
1.76859
1.76874
1.76867
1.76831
1.76759
1.76647
1.76492
1.76292
1.76047
1.75757
1.75426
1.75062
1.7468
1.74309
1.73991
1.7378
1.7373
1.73873
1.74209
1.74692
1.75251
1.75806
1.76293
1.76671
1.7693
1.77082
1.77158
1.77199
1.77245
1.77329
1.77468
1.77661
1.77891
1.78132
1.78354
1.78533
1.78649
1.78691
1.78654
1.78535
1.78339
1.78075
1.77758
1.7741
1.77061
1.76748
1.76506
1.7636
1.76321
1.7638
1.7651
1.76676
1.76841
1.76977
1.77064
1.77095
1.77067
1.76988
1.76866
1.76711
1.76529
1.76322
1.76087
1.75809
1.75474
1.75069
1.74601
1.74109
1.73677
1.73416
1.73423
1.73733
1.74292
1.74985
1.75681
1.76285
1.76748
1.77064
1.77252
1.77344
1.77374
1.77365
1.77333
1.77281
1.77207
1.77102
1.7696
1.76778
1.76564
1.76332
1.76106
1.75909
1.75765
1.75687
1.75677
1.75725
1.75812
1.75918
1.76024
1.76118
1.76193
1.76248
1.76284
1.76305
1.76314
1.76314
1.76305
1.76289
1.76268
1.76245
1.76226
1.76215
1.76222
1.76252
1.76313
1.76404
1.76525
1.76672
1.76837
1.77014
1.77199
1.77387
1.77576
1.77769
1.77965
1.78166
1.78373
1.78583
1.78794
1.78997
1.79184
1.79344
1.79466
1.7954
1.7956
1.7953
1.79463
1.79388
1.79341
1.79365
1.79488
1.79713
1.80016
1.80342
1.80626
1.80798
1.80805
1.80613
1.80218
1.79655
1.79007
1.784
1.77989
1.7791
1.78241
1.7896
1.79961
1.8109
1.82199
1.83185
1.83992
1.84603
1.85028
1.85289
1.85412
1.85421
1.85345
1.85207
1.85038
1.84864
1.84717
1.84621
1.84596
1.84652
1.84786
1.84984
1.85224
1.85484
1.85738
1.8597
1.86167
1.86322
1.86436
1.86513
1.86558
1.86579
1.86582
1.86574
1.86563
1.86557
1.86568
1.86613
1.86708
1.86869
1.87104
1.8741
1.87767
1.88142
1.88488
1.88752
1.88886
1.88846
1.88604
1.88149
1.87502
1.86714
1.85869
1.8507
1.84414
1.83957
1.83703
1.83607
1.83604
1.83638
1.8368
1.83734
1.83824
1.83983
1.84235
1.8458
1.84999
1.85449
1.85882
1.86249
1.86518
1.86672
1.86712
1.86653
1.86519
1.8634
1.86145
1.85959
1.85799
1.85672
1.85578
1.85505
1.85439
1.85364
1.85269
1.8515
1.85012
1.84867
1.84734
1.84631
1.84573
1.84565
1.84605
1.84682
1.84782
1.84889
1.84995
1.8509
1.85173
1.85244
1.85306
1.8536
1.85411
1.85459
1.85506
1.85551
1.85593
1.8563
1.85657
1.85673
1.8567
1.85644
1.85587
1.8549
1.85342
1.8513
1.84843
1.84468
1.84003
1.83453
1.82846
1.82229
1.81664
1.81213
1.80915
1.80766
1.80724
1.80722
1.80703
1.80632
1.80505
1.80348
1.80199
1.80102
1.8009
1.8018
1.80368
1.80638
1.80955
1.8128
1.81564
1.81756
1.81807
1.81675
1.81342
1.80831
1.80227
1.79683
1.79381
1.79459
1.79942
1.80729
1.81655
1.82565
1.83362
1.84005
1.84492
1.84839
1.85072
1.85211
1.85277
1.85286
1.85253
1.85187
1.851
1.85001
1.84896
1.84794
1.84701
1.84619
1.84553
1.84503
1.84465
1.84435
1.844
1.84348
1.84259
1.84112
1.83884
1.83558
1.83125
1.826
1.82027
1.81478
1.81038
1.80774
1.8071
1.80809
1.81002
1.81217
1.8141
1.81575
1.81733
1.81923
1.82179
1.82524
1.82957
1.83458
1.83996
1.84533
1.85034
1.85473
1.85829
1.86094
1.86265
1.86349
1.86359
1.86313
1.86233
1.86138
1.86042
1.85949
1.85849
1.85728
1.85571
1.85377
1.85166
1.84981
1.84881
1.84918
1.85117
1.85461
1.85903
1.8638
1.86836
1.87232
1.8755
1.87788
1.87954
1.8806
1.88118
1.88143
1.88143
1.88125
1.88097
1.8806
1.88017
1.87966
1.87907
1.87836
1.87751
1.87648
1.87526
1.87382
1.8722
1.87045
1.86864
1.8669
1.86538
1.86421
1.86352
1.8634
1.86384
1.8648
1.86617
1.86779
1.86951
1.87118
1.8727
1.87401
1.8751
1.87597
1.87668
1.87727
1.87776
1.87819
1.87855
1.87882
1.87899
1.87902
1.87888
1.87856
1.87803
1.87723
1.8761
1.8745
1.87221
1.86893
1.86427
1.85788
1.84959
1.83986
1.83008
1.8226
1.81998
1.82347
1.83225
1.84385
1.85569
1.866
1.8741
1.87999
1.88401
1.88659
1.88809
1.8888
1.88894
1.88864
1.88798
1.887
1.88571
1.8841
1.88217
1.87995
1.87746
1.8748
1.87211
1.86957
1.86735
1.86558
1.86433
1.86353
1.86309
1.86289
1.86285
1.86299
1.86337
1.86403
1.86495
1.86594
1.86668
1.86681
1.86604
1.86428
1.86169
1.85864
1.85565
1.85313
1.85122
1.8497
1.84813
1.84604
1.84316
1.83954
1.83557
1.83195
1.82946
1.82881
1.83039
1.83418
1.83976
1.84648
1.85363
1.86058
1.86686
1.87222
1.87655
1.87988
1.88235
1.88412
1.88539
1.88634
1.88714
1.88792
1.88874
1.88964
1.89059
1.89154
1.89243
1.8932
1.89383
1.89434
1.89477
1.89523
1.89578
1.8964
1.89693
1.89707
1.89641
1.89453
1.89112
1.88615
1.8799
1.87293
1.86599
1.85988
1.85531
1.85272
1.85204
1.85269
1.85391
1.85522
1.85666
1.85858
1.86128
1.86474
1.86875
1.873
1.87725
1.88133
1.88512
1.88852
1.89145
1.89384
1.89562
1.89676
1.89725
1.89714
1.89653
1.89557
1.89447
1.89345
1.89273
1.89246
1.89273
1.89348
1.89459
1.89579
1.89678
1.89719
1.8966
1.89456
1.89064
1.8844
1.87562
1.86444
1.85174
1.83936
1.82987
1.82565
1.82765
1.83482
1.84483
1.85532
1.8647
1.87226
1.8779
1.88188
1.88457
1.88638
1.88771
1.88888
1.8902
1.89184
1.89389
1.8963
1.89894
1.90158
1.90396
1.90584
1.907
1.90729
1.90667
1.90516
1.90294
1.90025
1.89741
1.89471
1.89232
1.89023
1.88822
1.88599
1.88322
1.87973
1.87548
1.87063
1.86544
1.86018
1.85506
1.85021
1.84576
1.84188
1.83889
1.83713
1.83689
1.83828
1.84116
1.84523
1.85009
1.85538
1.86077
1.866
1.87086
1.87521
1.87895
1.88204
1.88446
1.88621
1.8873
1.88773
1.88748
1.88646
1.88457
1.88163
1.87748
1.87199
1.86519
1.85738
1.84926
1.84185
1.83621
1.83303
1.83227
1.83328
1.83518
1.83728
1.83929
1.84121
1.84314
1.84509
1.8469
1.84828
1.84891
1.84855
1.84703
1.84433
1.84057
1.83599
1.83096
1.82587
1.82112
1.81693
1.81328
1.80991
1.80649
1.8029
1.79945
1.79691
1.79619
1.79776
1.8012
1.80525
1.80836
1.80923
1.80727
1.80275
1.79689
1.79165
1.789
1.79007
1.79455
1.801
1.80768
1.8133
1.81722
1.81934
1.81991
1.81931
1.81797
1.81631
1.8147
1.81346
1.81277
1.81272
1.81322
1.81409
1.81506
1.81585
1.81619
1.81584
1.81466
1.81254
1.80947
1.80553
1.80086
1.79572
1.79041
1.78525
1.78056
1.7766
1.77359
1.7717
1.77106
1.77175
1.77373
1.77686
1.78085
1.7853
1.78974
1.79369
1.79682
1.79892
1.80001
1.80029
1.80015
1.80002
1.80031
1.80129
1.80304
1.80544
1.80821
1.81101
1.8135
1.81543
1.8167
1.8173
1.81743
1.81737
1.8175
1.81818
1.81966
1.82197
1.82493
1.82821
1.83141
1.83418
1.83629
1.83764
1.83825
1.83826
1.83789
1.83736
1.83693
1.83678
1.83705
1.83775
1.83881
1.84004
1.84123
1.84211
1.84243
1.84196
1.84057
1.8382
1.83494
1.83104
1.82693
1.82318
1.82039
1.81902
1.81924
1.82089
1.82359
1.82686
1.8303
1.83367
1.83687
1.83991
1.84281
1.84558
1.84814
1.85039
1.85216
1.85328
1.85359
1.85298
1.8514
1.84886
1.84541
1.84118
1.83639
1.8313
1.82622
1.8215
1.81744
1.8143
1.81224
1.8114
1.81189
1.8138
1.81712
1.82167
1.82704
1.83268
1.83798
1.84242
1.8456
1.8473
1.84748
1.84618
1.8436
1.83999
1.83573
1.83124
1.82697
1.82332
1.82063
1.81912
1.81892
1.82006
1.82243
1.82574
1.82948
1.83298
1.83553
1.83651
1.83548
1.83232
1.82733
1.82137
1.81572
1.81185
1.81078
1.81265
1.81665
1.82146
1.8258
1.82878
1.82993
1.82907
1.82624
1.82161
1.81548
1.80844
1.80142
1.79564
1.79229
1.7921
1.79489
1.79963
1.80483
1.80905
1.81122
1.81075
1.80747
1.80161
1.79382
1.78505
1.77643
1.76895
1.76336
1.76011
1.75952
1.76173
1.76648
1.77293
1.77993
1.78635
1.79142
1.79481
1.79658
1.79698
1.79636
1.79511
1.79354
1.79195
1.79055
1.78949
1.78885
1.78866
1.78888
1.78948
1.79035
1.79142
1.7926
1.7938
1.79496
1.79602
1.79694
1.7977
1.7983
1.79873
1.79903
1.79922
1.79934
1.79944
1.79957
1.79975
1.80004
1.80045
1.80102
1.80175
1.80266
1.80375
1.805
1.80638
1.80785
1.80934
1.81075
1.81195
1.81281
1.81316
1.81282
1.8116
1.80932
1.80579
1.80087
1.79446
1.78659
1.77742
1.76736
1.75706
1.74729
1.7388
1.73221
1.72805
1.72709
1.73018
1.73771
1.74901
1.76235
1.77565
1.78722
1.79612
1.80204
1.80517
1.80587
1.80468
1.80216
1.79894
1.79566
1.79289
1.79105
1.79029
1.79046
1.79121
1.7921
1.79272
1.79281
1.79227
1.79117
1.78968
1.78803
1.7865
1.78532
1.78462
1.78448
1.78483
1.78555
1.78648
1.78744
1.78832
1.78901
1.7895
1.78979
1.78993
1.78998
1.78999
1.78998
1.78997
1.78994
1.78983
1.78959
1.78914
1.78842
1.78738
1.78596
1.78419
1.78211
1.77985
1.77763
1.77572
1.77447
1.77417
1.775
1.77697
1.77988
1.78339
1.78704
1.79039
1.79309
1.79487
1.7956
1.7953
1.79412
1.79238
1.79051
1.789
1.78828
1.7886
1.78996
1.79209
1.79457
1.79692
1.7988
1.80014
1.80118
1.80241
1.80445
1.80774
1.8124
1.81813
1.82437
1.83048
1.83591
1.84032
1.84351
1.84542
1.84605
1.84547
1.84376
1.84108
1.8376
1.83357
1.82924
1.82482
1.82042
1.81606
1.81167
1.8072
1.80264
1.79807
1.79362
1.78947
1.78578
1.78277
1.78064
1.77957
1.77957
1.78052
1.78215
1.78422
1.7866
1.7893
1.79248
1.7963
1.80088
1.8062
1.81208
1.81819
1.82417
1.82964
1.83426
1.83784
1.84028
1.84161
1.84198
1.84162
1.84079
1.83974
1.83866
1.83765
1.83674
1.83586
1.83493
1.83384
1.83252
1.83093
1.82905
1.82691
1.82457
1.82207
1.81947
1.81682
1.81416
1.8115
1.80884
1.80614
1.80335
1.8004
1.79723
1.79377
1.78998
1.78585
1.78144
1.77687
1.7723
1.76796
1.7641
1.76094
1.75863
1.75727
1.75685
1.75733
1.75859
1.7605
1.76291
1.76566
1.76856
1.77145
1.77418
1.77661
1.77863
1.78019
1.78122
1.78171
1.78165
1.78104
1.77989
1.77821
1.77602
1.77332
1.77015
1.76656
1.76262
1.75845
1.75422
1.75016
1.74654
1.74364
1.7417
1.74087
1.74117
1.74252
1.74469
1.74745
1.75052
1.75368
1.75675
1.7596
1.76215
1.76435
1.76618
1.76764
1.76873
1.76945
1.76978
1.76973
1.76926
1.76836
1.76699
1.76513
1.76281
1.76013
1.75725
1.75445
1.75209
1.75047
1.74982
1.75013
1.75117
1.75255
1.75379
1.75447
1.75426
1.75302
1.75071
1.74745
1.74345
1.73903
1.73457
1.73049
1.72716
1.72485
1.7237
1.72369
1.72472
1.72664
1.72929
1.73259
1.73645
1.74081
1.74559
1.75069
1.75598
1.76131
1.76656
1.77161
1.77635
1.78071
1.78464
1.7881
1.79107
1.79354
1.7955
1.79694
1.79786
1.79823
1.79804
1.79727
1.79593
1.79402
1.79163
1.78886
1.78593
1.7831
1.78069
1.77901
1.7783
1.77866
1.78004
1.78222
1.78488
1.78767
1.79023
1.79226
1.79353
1.79388
1.79322
1.79157
1.78909
1.786
1.78267
1.77944
1.77659
1.77421
1.77221
1.77036
1.7685
1.76667
1.76522
1.76468
1.7656
1.76827
1.77259
1.77809
1.78413
1.79013
1.79563
1.80041
1.80438
1.80758
1.81009
1.812
1.81341
1.81437
1.81493
1.81509
1.81486
1.81422
1.81314
1.81161
1.80965
1.80733
1.80476
1.80215
1.79977
1.79791
1.79687
1.79681
1.79779
1.79966
1.80219
1.80506
1.808
1.81077
1.81321
1.81525
1.81686
1.81805
1.81885
1.81927
1.81937
1.81918
1.81874
1.8181
1.81735
1.81658
1.81593
1.81555
1.8156
1.81617
1.81729
1.81891
1.82085
1.82289
1.82476
1.8262
1.827
1.82698
1.82603
1.82406
1.82104
1.817
1.81204
1.80631
1.80008
1.79362
1.78725
1.78116
1.77542
1.76993
1.76446
1.75882
1.75302
1.74744
1.74293
1.74058
1.74123
1.74505
1.75143
1.75935
1.76781
1.77608
1.78378
1.79069
1.79675
1.80194
1.80626
1.80978
1.81256
1.8147
1.81628
1.81741
1.81818
1.81866
1.8189
1.81897
1.81888
1.81866
1.81832
1.81785
1.81726
1.81654
1.81567
1.81465
1.81348
1.81214
1.81065
1.80902
1.80725
1.80535
1.80332
1.80114
1.79876
1.7961
1.79303
1.78939
1.78493
1.77941
1.77259
1.7643
1.75463
1.74402
1.73341
1.72428
1.71836
1.71704
1.72071
1.7284
1.73823
1.74831
1.75754
1.76574
1.77332
1.78081
1.78838
1.79585
1.80278
1.80875
1.81344
1.81671
1.81851
1.81886
1.81779
1.81531
1.81145
1.80627
1.79992
1.79274
1.78533
1.77849
1.77315
1.77004
1.76941
1.77091
1.77372
1.77695
1.77987
1.78213
1.7837
1.78477
1.7856
1.78648
1.78762
1.78914
1.79108
1.7934
1.79604
1.79897
1.80219
1.8057
1.8095
1.81347
1.81747
1.82126
1.82457
1.82717
1.82885
1.82943
1.82877
1.82679
1.82339
1.81856
1.81239
1.80512
1.79717
1.78924
1.78217
1.77687
1.77404
1.77399
1.77656
1.78113
1.78686
1.79286
1.79839
1.80297
1.8063
1.80833
1.80912
1.80886
1.80779
1.80618
1.80427
1.80226
1.80026
1.79826
1.7962
1.79397
1.7915
1.78891
1.78655
1.78504
1.78506
1.78715
1.79138
1.79733
1.80422
1.8112
1.81758
1.82296
1.82718
1.83028
1.83235
1.83357
1.83408
1.83402
1.83349
1.83257
1.8313
1.8297
1.82776
1.82544
1.82272
1.81957
1.81598
1.81204
1.80789
1.80378
1.80003
1.79696
1.79486
1.7939
1.79409
1.79531
1.79736
1.79999
1.80291
1.80587
1.80858
1.81079
1.81229
1.81293
1.81271
1.81171
1.81017
1.80837
1.80666
1.80534
1.80464
1.80462
1.80518
1.80609
1.807
1.80757
1.80755
1.80686
1.80564
1.80423
1.80312
1.80277
1.80349
1.80535
1.80814
1.81151
1.81506
1.81845
1.82145
1.82391
1.82574
1.82692
1.82745
1.82734
1.82664
1.82542
1.82376
1.82177
1.81955
1.81719
1.81475
1.81226
1.80973
1.8071
1.80428
1.80118
1.79766
1.79365
1.78915
1.78432
1.77955
1.77549
1.77297
1.77277
1.77537
1.78069
1.78814
1.79681
1.80577
1.81427
1.8218
1.82808
1.83303
1.83668
1.83911
1.84043
1.84075
1.84015
1.83869
1.8364
1.8333
1.82944
1.82496
1.82008
1.81523
1.81092
1.80774
1.80612
1.80623
1.80787
1.8106
1.8139
1.8173
1.8205
1.82337
1.8259
1.82814
1.83015
1.83197
1.83362
1.83508
1.83633
1.83731
1.83799
1.83837
1.83845
1.83829
1.838
1.83774
1.83768
1.83798
1.83877
1.84009
1.8419
1.84407
1.84643
1.84882
1.85109
1.85313
1.85491
1.85642
1.85767
1.8587
1.85955
1.86023
1.86073
1.86098
1.86089
1.86032
1.85907
1.85694
1.85369
1.84914
1.84318
1.83584
1.82741
1.81849
1.80995
1.80288
1.79832
1.79701
1.79911
1.8042
1.81142
1.81971
1.82809
1.83579
1.84229
1.84731
1.85074
1.8526
1.853
1.85217
1.85037
1.84797
1.84536
1.84296
1.84109
1.83996
1.83958
1.83979
1.84035
1.84095
1.84139
1.84151
1.84127
1.84072
1.83992
1.83894
1.83784
1.83659
1.83516
1.83346
1.83141
1.82899
1.82626
1.82339
1.82067
1.81842
1.81692
1.81632
1.81658
1.81751
1.81886
1.82038
1.82187
1.82323
1.82443
1.82547
1.82638
1.82719
1.82793
1.82861
1.82923
1.82979
1.83028
1.83069
1.831
1.8312
1.83127
1.83119
1.83098
1.83062
1.83014
1.82956
1.8289
1.82819
1.82742
1.82661
1.82575
1.82481
1.82374
1.82253
1.82112
1.81953
1.81776
1.81586
1.81394
1.81212
1.81055
1.80941
1.80886
1.80902
1.80997
1.81173
1.8142
1.81727
1.82073
1.82436
1.82796
1.83132
1.8343
1.83679
1.83875
1.84018
1.84109
1.84155
1.84164
1.84143
1.84099
1.8404
1.83966
1.83878
1.8377
1.83626
1.83424
1.8313
1.82698
1.82074
1.81215
1.80107
1.7881
1.77487
1.76385
1.75745
1.75669
1.76072
1.76749
1.77487
1.78133
1.78598
1.78826
1.7878
1.78437
1.77799
1.76922
1.75946
1.75088
1.74594
1.74626
1.75183
1.7612
1.77229
1.7834
1.79347
1.80211
1.80927
1.81505
1.81958
1.82293
1.82515
1.82625
1.82621
1.82496
1.8224
1.81841
1.813
1.8064
1.79922
1.79242
1.78715
1.78442
1.78479
1.78822
1.79404
1.80122
1.80868
1.8155
1.82113
1.82537
1.82826
1.82998
1.83078
1.83089
1.8305
1.82976
1.82879
1.82766
1.82643
1.82516
1.82386
1.8226
1.82139
1.82028
1.81928
1.81841
1.81767
1.81706
1.81654
1.81609
1.81566
1.81523
1.81476
1.81422
1.81363
1.81299
1.81235
1.81176
1.81128
1.81098
1.81089
1.81104
1.81145
1.81209
1.81296
1.81402
1.81527
1.81665
1.81813
1.81961
1.821
1.82214
1.82289
1.82304
1.82244
1.82098
1.81868
1.81574
1.81258
1.80982
1.80821
1.80841
1.81079
1.81535
1.82166
1.82906
1.83682
1.84432
1.85112
1.85702
1.86192
1.86587
1.86892
1.87115
1.87263
1.8734
1.8735
1.87298
1.87185
1.87015
1.86786
1.86493
1.86126
1.85665
1.85088
1.84373
1.83514
1.82532
1.81493
1.80507
1.79699
1.79163
1.7892
1.78923
1.79092
1.79362
1.79706
1.80133
1.80662
1.81305
1.82052
1.82873
1.83723
1.84554
1.8532
1.85986
1.86526
1.86925
1.87179
1.87294
1.87291
1.87201
1.8707
1.86951
1.86893
1.86929
1.87069
1.87296
1.87575
1.87863
1.88125
1.88334
1.88477
1.88548
1.8855
1.88488
1.88368
1.88195
1.87975
1.87708
1.87397
1.87044
1.86653
1.86237
1.85813
1.85409
1.85053
1.84768
1.84558
1.84406
1.84275
1.84131
1.83955
1.83765
1.8361
1.83549
1.83617
1.83807
1.84071
1.84352
1.84606
1.84817
1.84995
1.8516
1.85334
1.85536
1.85787
1.86101
1.86479
1.86904
1.87342
1.87751
1.88094
1.88353
1.88523
1.88609
1.8862
1.8856
1.88435
1.88249
1.88012
1.87742
1.87459
1.8719
1.86954
1.86765
1.86619
1.86505
1.86401
1.86289
1.86152
1.85989
1.85804
1.85612
1.85434
1.85291
1.85204
1.85194
1.85271
1.85436
1.85672
1.85944
1.86203
1.86392
1.86466
1.86391
1.86159
1.85785
1.85314
1.84809
1.84345
1.83997
1.83822
1.83853
1.84095
1.8452
1.85076
1.85697
1.86319
1.86888
1.87373
1.87763
1.8806
1.88279
1.88441
1.88565
1.88672
1.88776
1.88881
1.88983
1.89063
1.89092
1.89034
1.88853
1.88521
1.88026
1.87374
1.86602
1.85774
1.84974
1.84283
1.83753
1.8339
1.83155
1.82983
1.82809
1.82593
1.82324
1.82031
1.81772
1.81617
1.8162
1.81785
1.82061
1.82359
1.82584
1.82665
1.82568
1.82299
1.81896
1.81419
1.80939
1.80527
1.80236
1.80098
1.80117
1.8027
1.80524
1.8084
1.81184
1.81533
1.81872
1.82191
1.82483
1.8274
1.82953
1.83111
1.83206
1.8323
1.83178
1.8305
1.82849
1.82585
1.82271
1.81926
1.8157
1.81226
1.80909
1.80633
1.80399
1.80201
1.80026
1.79853
1.79665
1.79446
1.7919
1.789
1.78591
1.78286
1.78011
1.77792
1.77647
1.77584
1.77603
1.77695
1.77841
1.7802
1.78205
1.78371
1.785
1.78578
1.78602
1.78577
1.78512
1.78421
1.78317
1.78209
1.78102
1.77997
1.77892
1.77784
1.77671
1.77554
1.77438
1.77327
1.77229
1.77153
1.77103
1.77081
1.77085
1.7711
1.77149
1.77193
1.77235
1.77269
1.77294
1.77309
1.77315
1.77316
1.77312
1.77303
1.77288
1.77263
1.77222
1.7716
1.77072
1.76953
1.76804
1.76624
1.76422
1.76205
1.75989
1.75786
1.75611
1.75473
1.75379
1.75331
1.75327
1.75367
1.75446
1.75562
1.75709
1.75877
1.76057
1.76234
1.76395
1.76529
1.76624
1.76675
1.76675
1.76623
1.76514
1.76347
1.76122
1.75839
1.75505
1.75132
1.74741
1.74359
1.74021
1.7376
1.73606
1.73576
1.7367
1.73875
1.74163
1.74505
1.74869
1.7523
1.75571
1.75881
1.76156
1.76394
1.76598
1.76771
1.76914
1.77032
1.77126
1.77196
1.77245
1.77272
1.77276
1.77258
1.77216
1.77148
1.77054
1.76932
1.76781
1.76604
1.76405
1.76192
1.75977
1.75774
1.75598
1.75457
1.75354
1.75277
1.75204
1.75107
1.7496
1.74748
1.74478
1.74185
1.73922
1.73748
1.73704
1.73799
1.74012
1.74302
1.74628
1.74957
1.75268
1.75549
1.75791
1.75988
1.76136
1.76232
1.7628
1.76285
1.76259
1.76213
1.76162
1.76115
1.76081
1.76061
1.76052
1.76051
1.76052
1.76052
1.76052
1.76056
1.76072
1.76104
1.76158
1.76235
1.76332
1.76442
1.76558
1.76672
1.76777
1.76869
1.76944
1.77
1.77037
1.77054
1.77049
1.77021
1.76965
1.76877
1.76748
1.76569
1.76332
1.76028
1.75651
1.75202
1.74689
1.74129
1.7355
1.72984
1.72464
1.72022
1.71689
1.71489
1.71444
1.71566
1.71854
1.72286
1.72825
1.73421
1.74025
1.746
1.75121
1.75575
1.75962
1.76287
1.76558
1.76782
1.76965
1.77114
1.77229
1.77311
1.7736
1.77371
1.77342
1.77268
1.77148
1.7698
1.76769
1.76522
1.76258
1.75996
1.75762
1.75581
1.75467
1.75425
1.75443
1.75501
1.75568
1.75619
1.75633
1.75598
1.75517
1.75405
1.75289
1.752
1.75172
1.75228
1.75375
1.75603
1.75887
1.76191
1.76481
1.76725
1.769
1.76988
1.76975
1.76855
1.76628
1.76304
1.7591
1.75492
1.75115
1.74851
1.74758
1.74858
1.7513
1.75519
1.75954
1.76371
1.76727
1.76998
1.77177
1.77269
1.77286
1.77244
1.77159
1.77047
1.76924
1.76803
1.76693
1.76597
1.76512
1.76431
1.76345
1.76242
1.76115
1.7596
1.75777
1.75575
1.75366
1.75163
1.74983
1.74841
1.74749
1.74714
1.7474
1.74826
1.74969
1.75162
1.75397
1.75663
1.75951
1.76247
1.76538
1.76813
1.77058
1.77264
1.7742
1.77522
1.77565
1.77545
1.77462
1.77312
1.77091
1.76797
1.76421
1.75957
1.75403
1.74767
1.74087
1.73438
1.72931
1.72688
1.72786
1.73217
1.7389
1.7467
1.75434
1.761
1.76631
1.77021
1.77278
1.77418
1.77452
1.77392
1.77245
1.77018
1.76721
1.76364
1.75963
1.75533
1.75087
1.74634
1.74176
1.7371
1.73235
1.72761
1.72319
1.71961
1.71745
1.71713
1.71863
1.72151
1.725
1.72833
1.73093
1.73253
1.73313
1.73297
1.73241
1.73179
1.73143
1.73147
1.73191
1.7326
1.7333
1.73374
1.73367
1.7329
1.73129
1.7288
1.72551
1.72164
1.71758
1.71388
1.7111
1.70972
1.70994
1.71162
1.71437
1.71766
1.721
1.72402
1.72653
1.72848
1.72987
1.73081
1.73138
1.73168
1.73181
1.73182
1.73179
1.73175
1.73175
1.73181
1.73196
1.7322
1.73255
1.73301
1.73359
1.73428
1.73509
1.73601
1.73702
1.73813
1.73931
1.74054
1.74181
1.74309
1.74433
1.7455
1.74655
1.74739
1.74795
1.74812
1.74777
1.74676
1.74489
1.74201
1.73796
1.73272
1.72649
1.71981
1.71359
1.70899
1.70701
1.7081
1.7119
1.71748
1.72376
1.72991
1.73551
1.74054
1.74517
1.74969
1.75438
1.75939
1.76473
1.77022
1.77556
1.78031
1.78403
1.78634
1.78691
1.78556
1.78222
1.77702
1.7703
1.76265
1.75487
1.74794
1.7428
1.74018
1.74039
1.74328
1.74829
1.75464
1.76146
1.76802
1.77375
1.77837
1.78184
1.78426
1.78584
1.78679
1.78727
1.78737
1.7871
1.78646
1.78537
1.7838
1.78171
1.77909
1.77597
1.7724
1.76851
1.76445
1.76047
1.75684
1.75382
1.75164
1.75041
1.75009
1.75052
1.75144
1.75256
1.7537
1.75487
1.75629
1.75834
1.76136
1.76552
1.77067
1.77641
1.78225
1.78772
1.79252
1.79649
1.79959
1.80188
1.80343
1.80431
1.80458
1.80425
1.80333
1.80177
1.79955
1.79662
1.79304
1.78894
1.78462
1.78056
1.77736
1.77561
1.7757
1.77768
1.78124
1.78581
1.79078
1.79564
1.80002
1.80373
1.80666
1.80879
1.8101
1.81056
1.81013
1.80874
1.80634
1.80287
1.79832
1.79275
1.78626
1.77902
1.77121
1.76307
1.75491
1.74731
1.74116
1.73759
1.73765
1.74183
1.74977
1.76042
1.77241
1.78447
1.79569
1.80552
1.81373
1.82025
1.82518
1.82865
1.83083
1.83191
1.83206
1.83147
1.83032
1.82882
1.82718
1.82562
1.82436
1.82363
1.82356
1.82424
1.82565
1.82767
1.83008
1.83258
1.83485
1.83655
1.83735
1.83697
1.8352
1.8319
1.82707
1.82086
1.81365
1.80614
1.79943
1.79491
1.79396
1.79722
1.80421
1.81339
1.82285
1.831
1.8369
1.8402
1.84102
1.83968
1.83666
1.83254
1.82795
1.8235
1.81976
1.81706
1.81551
1.81499
1.81524
1.81599
1.81708
1.81847
1.82025
1.82256
1.82551
1.82916
1.83346
1.83828
1.84345
1.84875
1.85397
1.85892
1.86344
1.86741
1.87076
1.87346
1.8755
1.87691
1.87769
1.87786
1.87744
1.87643
1.87482
1.87261
1.86982
1.86649
1.8627
1.85858
1.85432
1.85015
1.84634
1.84314
1.84071
1.83907
1.83809
1.83754
1.83714
1.83671
1.83617
1.83561
1.83522
1.83519
1.83564
1.83654
1.83775
1.83902
1.84008
1.84072
1.84082
1.84037
1.83948
1.83837
1.83728
1.83644
1.83598
1.83596
1.83634
1.837
1.83786
1.83886
1.84
1.84127
1.8427
1.84424
1.8458
1.8473
1.8486
1.84962
1.85032
1.85066
1.85068
1.8504
1.84988
1.84914
1.84822
1.84713
1.84587
1.84442
1.84277
1.84093
1.8389
1.83673
1.83446
1.83219
1.83002
1.82805
1.82635
1.82499
1.82401
1.82344
1.82334
1.82379
1.8249
1.82676
1.82943
1.83285
1.83686
1.84121
1.84561
1.84979
1.85353
1.85667
1.85913
1.86089
1.86199
1.86251
1.86254
1.86223
1.86169
1.86101
1.86022
1.85925
1.858
1.8563
1.854
1.85102
1.84742
1.84336
1.83919
1.83529
1.83208
1.82987
1.82883
1.82892
1.82997
1.83172
1.83394
1.83649
1.83936
1.84267
1.84656
1.8511
1.85624
1.86174
1.86722
1.87226
1.87642
1.87942
1.8811
1.88152
1.88096
1.87991
1.879
1.87886
1.87997
1.8824
1.88581
1.88947
1.89252
1.8941
1.89351
1.89028
1.88418
1.87538
1.86459
1.85334
1.84387
1.83852
1.8387
1.84411
1.853
1.86326
1.87323
1.88208
1.88954
1.89569
1.90068
1.90468
1.90782
1.91021
1.91195
1.91314
1.91385
1.91416
1.91415
1.91388
1.91342
1.91282
1.91215
1.91149
1.91091
1.91047
1.91024
1.91027
1.91057
1.91111
1.91184
1.91267
1.91348
1.91413
1.9145
1.91449
1.91399
1.91299
1.91147
1.9095
1.90719
1.90471
1.90222
1.89989
1.89783
1.89605
1.89453
1.89319
1.89198
1.89092
1.89012
1.88978
1.89012
1.89128
1.89331
1.89605
1.89926
1.90261
1.90575
1.90843
1.91046
1.91177
1.91237
1.91232
1.91177
1.91083
1.9096
1.90817
1.90654
1.90468
1.90258
1.90027
1.89785
1.89556
1.89368
1.89253
1.89231
1.89305
1.89457
1.89652
1.89851
1.90017
1.90127
1.90174
1.90164
1.90114
1.90047
1.89985
1.89944
1.89928
1.89932
1.8994
1.89926
1.89864
1.89729
1.89505
1.8919
1.88801
1.88379
1.87982
1.87679
1.87526
1.87555
1.87758
1.88099
1.88524
1.88982
1.89432
1.89849
1.90221
1.90544
1.90822
1.91059
1.91261
1.91433
1.91581
1.91707
1.91814
1.91903
1.91974
1.92026
1.92057
1.92064
1.92044
1.91995
1.91914
1.918
1.91654
1.91476
1.9127
1.9104
1.90788
1.90516
1.9022
1.89894
1.89533
1.89133
1.887
1.88254
1.87832
1.87478
1.87232
1.87109
1.87096
1.87157
1.8725
1.87342
1.87423
1.87498
1.87579
1.87675
1.8778
1.87874
1.87924
1.87897
1.87763
1.87518
1.87189
1.8684
1.86565
1.8646
1.8658
1.86919
1.87409
1.87956
1.88472
1.88899
1.89212
1.89411
1.89508
1.89525
1.89482
1.89398
1.8929
1.89172
1.89055
1.88945
1.88849
1.88767
1.887
1.88644
1.88594
1.88545
1.8849
1.88423
1.88339
1.88234
1.88107
1.87956
1.87783
1.8759
1.87377
1.87145
1.86893
1.86619
1.86321
1.86002
1.85671
1.85348
1.85064
1.84858
1.84761
1.84784
1.84912
1.85102
1.85299
1.85448
1.85513
1.85474
1.85333
1.85111
1.84843
1.84572
1.84351
1.84226
1.84235
1.84394
1.84694
1.8511
1.85602
1.86125
1.8664
1.87117
1.8753
1.87863
1.88104
1.88244
1.88275
1.8819
1.87984
1.87652
1.87196
1.86626
1.85964
1.85242
1.84509
1.83817
1.83217
1.82748
1.82422
1.82229
1.82137
1.82106
1.821
1.82099
1.821
1.82112
1.82161
1.82274
1.82475
1.82776
1.83175
1.83649
1.8417
1.84702
1.85212
1.85675
1.86073
1.86396
1.86637
1.86792
1.86853
1.8681
1.86644
1.86331
1.85843
1.85149
1.84234
1.83106
1.81819
1.80488
1.79288
1.78414
1.78018
1.78137
1.78678
1.7946
1.80295
1.81052
1.81671
1.82157
1.82548
1.82889
1.83214
1.83539
1.8386
1.84163
1.84432
1.84654
1.84822
1.84933
1.84991
1.85
1.84965
1.84892
1.84783
1.84638
1.84457
1.84239
1.83983
1.83693
1.83373
1.83034
1.82691
1.82363
1.82071
1.81835
1.81672
1.81591
1.81596
1.81681
1.81835
1.82043
1.82289
1.82552
1.82818
1.8307
1.83296
1.83485
1.83628
1.83719
1.83754
1.83729
1.83642
1.83492
1.83282
1.83016
1.82699
1.82342
1.81959
1.81568
1.81188
1.80842
1.80549
1.80325
1.80181
1.80124
1.80153
1.80262
1.80443
1.80684
1.8097
1.81284
1.8161
1.8193
1.82228
1.82488
1.827
1.82856
1.82954
1.82996
1.82992
1.82954
1.82899
1.82848
1.82818
1.82822
1.82868
1.82961
1.83096
1.83269
1.83472
1.83694
1.83923
1.84144
1.8434
1.84491
1.84576
1.84571
1.84452
1.84199
1.8379
1.83217
1.82478
1.81594
1.80605
1.79573
1.78576
1.77686
1.76958
1.76416
1.76064
1.759
1.75933
1.76181
1.76654
1.77329
1.78148
1.79026
1.79875
1.80627
1.81238
1.81692
1.81998
1.8218
1.82276
1.82326
1.82368
1.82426
1.82513
1.82627
1.82758
1.82894
1.83021
1.83133
1.83225
1.83295
1.83343
1.83366
1.83359
1.83312
1.8321
1.83033
1.82753
1.82347
1.81799
1.81119
1.80358
1.79619
1.79035
1.78728
1.7874
1.7902
1.79454
1.79931
1.80384
1.80805
1.81213
1.81633
1.82076
1.8253
1.82972
1.83376
1.83722
1.83997
1.84198
1.84328
1.84393
1.84401
1.8436
1.84276
1.84159
1.84016
1.83853
1.83679
1.83501
1.83326
1.83162
1.83017
1.82898
1.82812
1.82764
1.82757
1.82791
1.82859
1.8295
1.83052
1.83151
1.83233
1.83289
1.83317
1.83317
1.83295
1.83261
1.83223
1.83191
1.8317
1.83161
1.83157
1.83153
1.83137
1.83103
1.83053
1.82995
1.82945
1.82927
1.82966
1.83091
1.83324
1.83677
1.8414
1.84677
1.85232
1.85737
1.86133
1.86382
1.86464
1.8638
1.86145
1.85784
1.85326
1.84803
1.84249
1.83697
1.83179
1.82724
1.82354
1.82083
1.8192
1.81863
1.81903
1.82024
1.82203
1.82421
1.82668
1.8294
1.83236
1.8355
1.83868
1.84169
1.84432
1.84644
1.84805
1.84928
1.85037
1.85159
1.85318
1.85527
1.85784
1.86076
1.86383
1.86682
1.86956
1.87192
1.87385
1.87534
1.87645
1.87722
1.87773
1.87806
1.87823
1.87828
1.8782
1.87794
1.87745
1.87666
1.87552
1.87399
1.87213
1.87001
1.86782
1.86574
1.86395
1.86257
1.86163
1.86105
1.86068
1.86038
1.86006
1.85975
1.85961
1.85988
1.86083
1.86269
1.86555
1.86935
1.87393
1.87903
1.88437
1.88969
1.89476
1.89939
1.90344
1.90679
1.90934
1.91101
1.91176
1.91156
1.91042
1.90842
1.90572
1.90257
1.89931
1.89634
1.89407
1.89284
1.89282
1.89394
1.89595
1.89844
1.90096
1.90311
1.90465
1.90548
1.9057
1.90551
1.90518
1.905
1.90523
1.90604
1.90748
1.90951
1.91199
1.91475
1.91758
1.92031
1.92276
1.92485
1.92649
1.92765
1.92834
1.92859
1.92844
1.92796
1.92722
1.92629
1.92528
1.92423
1.92319
1.92217
1.92114
1.92004
1.91875
1.91719
1.91523
1.91279
1.9098
1.90624
1.90212
1.89747
1.8924
1.88704
1.8816
1.8764
1.87184
1.86841
1.86662
1.86692
1.86959
1.87464
1.88175
1.89036
1.89971
1.90905
1.91772
1.92527
1.93139
1.936
1.93911
1.94084
1.94134
1.94082
1.93947
1.93753
1.93522
1.93276
1.93038
1.92826
1.92656
1.92538
1.92471
1.92453
1.92469
1.92504
1.92536
1.92543
1.92503
1.92393
1.92198
1.91905
1.91509
1.91015
1.90439
1.89804
1.8914
1.88479
1.87845
1.87261
1.86749
1.8634
1.8608
1.8602
1.86201
1.86636
1.873
1.8813
1.8904
1.89944
1.9077
1.91467
1.92004
1.92368
1.92559
1.92585
1.92461
1.92202
1.91832
1.91378
1.90872
1.90354
1.89871
1.89465
1.89172
1.89007
1.88961
1.88998
1.89075
1.89147
1.89186
1.89182
1.89147
1.89111
1.89109
1.89176
1.89333
1.8958
1.89895
1.90239
1.90569
1.90843
1.91032
1.91117
1.9109
1.90948
1.90695
1.9034
1.89895
1.89379
1.88817
1.88236
1.87667
1.87137
1.8667
1.86286
1.86004
1.85841
1.85811
1.85912
1.86125
1.86412
1.86727
1.87023
1.87267
1.87439
1.87536
1.87564
1.87536
1.87468
1.87374
1.87271
1.87174
1.87095
1.87044
1.87025
1.87036
1.87065
1.87097
1.87109
1.87083
1.86999
1.86842
1.86598
1.86255
1.85801
1.85232
1.8455
1.83777
1.82963
1.82192
1.81579
1.81241
1.81245
1.81573
1.8212
1.82744
1.83316
1.83751
1.84017
1.84116
1.84076
1.83932
1.8372
1.83475
1.83223
1.82985
1.82771
1.82587
1.82428
1.8229
1.82163
1.82039
1.8191
1.81769
1.81612
1.81434
1.81235
1.81013
1.80771
1.80513
1.80245
1.79975
1.79714
1.79473
1.79263
1.79089
1.78957
1.78863
1.78802
1.78762
1.78731
1.78696
1.78643
1.78559
1.78435
1.78259
1.78023
1.77719
1.77339
1.76884
1.76357
1.75775
1.75165
1.7457
1.74042
1.73631
1.73378
1.73297
1.73379
1.73591
1.73889
1.74228
1.74573
1.74896
1.75182
1.75424
1.7562
1.75771
1.75884
1.75962
1.76012
1.76039
1.76048
1.76044
1.76029
1.76009
1.75985
1.75961
1.75939
1.75921
1.75907
1.75899
1.75897
1.75899
1.75901
1.75902
1.75893
1.75868
1.75819
1.75737
1.75618
1.75459
1.75268
1.75063
1.74871
1.7473
1.74676
1.74733
1.74905
1.75173
1.75496
1.75829
1.76126
1.76353
1.76486
1.76514
1.76433
1.76249
1.75969
1.75604
1.75169
1.74678
1.74147
1.73596
1.73052
1.72545
1.72115
1.71799
1.71625
1.71602
1.7172
1.71956
1.72282
1.72678
1.73133
1.73641
1.74201
1.74808
1.75451
1.76112
1.7677
1.77401
1.77985
1.78502
1.78938
1.79281
1.79523
1.79656
1.79673
1.7957
1.79349
1.79017
1.78592
1.78106
1.77594
1.77088
1.76607
1.7615
1.75711
1.75304
1.74981
1.74829
1.74923
1.75281
1.75842
1.76491
1.77113
1.77628
1.78002
1.78237
1.78355
1.78388
1.78367
1.78317
1.78258
1.78204
1.78162
1.78133
1.78118
1.78112
1.78111
1.7811
1.78105
1.78094
1.78076
1.7805
1.78018
1.77984
1.77948
1.77911
1.77872
1.7783
1.77781
1.77722
1.77651
1.77567
1.77473
1.77371
1.77269
1.77175
1.77097
1.77047
1.77031
1.77058
1.7713
1.7725
1.77411
1.77606
1.77822
1.78045
1.78256
1.78436
1.78564
1.78616
1.78564
1.78379
1.78034
1.77516
1.76847
1.76104
1.75429
1.75001
1.74956
1.75315
1.75959
1.76692
1.77324
1.77719
1.77801
1.77546
1.76972
1.76158
1.75256
1.74487
1.7408
1.74169
1.74724
1.75581
1.76534
1.77423
1.78161
1.78724
1.79118
1.79367
1.79495
1.79525
1.79473
1.79354
1.79179
1.78958
1.78704
1.7843
1.78154
1.77896
1.77679
1.7752
1.77434
1.77424
1.77485
1.77601
1.77752
1.77919
1.78084
1.78235
1.78365
1.78474
1.78563
1.78636
1.78698
1.78755
1.78811
1.78866
1.7892
1.78971
1.79012
1.79038
1.79042
1.79019
1.78964
1.78876
1.7876
1.78619
1.78462
1.78297
1.78135
1.77984
1.77854
1.77753
1.77688
1.77662
1.77677
1.7773
1.77816
1.77926
1.78051
1.78181
1.78307
1.78421
1.78519
1.78598
1.78657
1.78696
1.78712
1.78701
1.78654
1.78565
1.7843
1.78252
1.78044
1.77826
1.77627
1.77474
1.77391
1.77394
1.77487
1.77664
1.77911
1.78208
1.78531
1.78857
1.79159
1.79414
1.79601
1.79706
1.79722
1.79651
1.79505
1.79306
1.79084
1.78869
1.78692
1.78573
1.7852
1.78529
1.78582
1.7866
1.7874
1.78802
1.78833
1.78821
1.78761
1.78651
1.7849
1.78281
1.78028
1.77741
1.77431
1.77114
1.76806
1.76528
1.76293
1.76115
1.75998
1.75936
1.7592
1.75931
1.75949
1.75951
1.75917
1.75829
1.75674
1.75452
1.7517
1.74854
1.7454
1.74274
1.74099
1.74046
1.74119
1.74302
1.7456
1.74853
1.7515
1.75425
1.75667
1.75872
1.76041
1.7618
1.76293
1.76385
1.76462
1.76526
1.76582
1.76632
1.76678
1.76721
1.7676
1.76793
1.76819
1.76832
1.76825
