0 0 0
1 0.000454881 0.198933
2 0.385812 0.153941
3 0.500977 0.180331
4 0.321738 0.173954
5 0.15614 0.216657
6 0.613326 0.176296
7 0.419127 0.113058
8 0.441578 0.17352
9 0.111125 0.18508
10 0.372633 0.16238
11 0.597149 0.185802
12 0.534668 0.139198
13 0.143716 0.13716
14 0.247276 0.144908
15 0.210478 0.180887
16 0.290128 0.115886
17 0.405814 0.183452
18 0.416889 0.179189
19 0.546939 0.220084
20 0.532643 0.152574
21 0.20586 0.0803253
22 0.429672 0.151445
23 0.39588 0.156282
24 0.0807634 0.113726
25 0.30573 0.197117
26 0.676611 0.130762
27 0.422406 0.12462
28 0.34421 0.155968
29 0.334691 0.149372
30 0.460869 0.134647
31 0.535301 0.115202
32 0.279192 0.129072
33 0.256885 0.12606
34 0.430984 0.17734
35 0.326148 0.140731
36 0.142284 0.104541
37 0.106299 0.121792
38 0.284949 0.124046
39 0.33144 0.122832
40 0.301034 0.136832
41 0.279455 0.134186
42 0.472386 0.106635
43 0.548018 0.117383
44 0.393004 0.149294
45 0.384036 0.12514
46 0.426494 0.146339
47 0.205282 0.13189
48 0.413563 0.122367
49 0.406577 0.138723
50 0.259279 0.154342
51 0.217909 0.118016
52 0.233408 0.129933
53 0.453245 0.119937
54 0.149765 0.126208
55 0.242432 0.118848
56 0.134752 0.126199
57 0.428988 0.106659
58 0.295505 0.110181
59 0.411562 0.1229
60 0.536505 0.0919618
61 0.444883 0.0920318
62 0.372001 0.131073
63 0.22107 0.129952
64 0.39592 0.147739
65 0.555547 0.112631
66 0.473264 0.0999333
67 0.366604 0.0943313
68 0.398499 0.128809
69 0.512415 0.120877
70 0.33605 0.0882008
71 0.248854 0.069872
72 0.131879 0.121189
73 0.142049 0.146305
74 0.416129 0.138566
75 0.247001 0.113531
76 0.366901 0.0931068
77 0.292475 0.114775
78 0.14681 0.14017
79 0.366141 0.113948
80 0.341085 0.12058
81 0.244904 0.100914
82 0.199207 0.109267
83 0.398358 0.081894
84 0.451944 0.111259
85 0.291791 0.102105
86 0.458207 0.0903434
87 0.324663 0.0841347
88 0.241134 0.103184
89 0.352646 0.0866876
90 0.402384 0.0942841
91 0.121135 0.117488
92 0.294487 0.0943218
93 0.30733 0.107217
94 0.346609 0.0967764
95 0.295241 0.11172
96 0.498719 0.0981661
97 0.391837 0.119857
98 0.297947 0.0769735
99 0.413331 0.0875803
100 0.365598 0.0955026
101 0.373622 0.0810673
102 0.390844 0.0842144
103 0.508905 0.114455
104 0.290691 0.0693467
105 0.33527 0.105746
106 0.351612 0.102805
107 0.396467 0.112151
108 0.265399 0.0912524
109 0.420069 0.118889
110 0.358461 0.108159
111 0.257217 0.12755
112 0.23245 0.101065
113 0.410834 0.143917
114 0.316587 0.124001
115 0.355993 0.0839326
116 0.312054 0.110571
117 0.408818 0.103492
118 0.305241 0.147008
119 0.434338 0.104936
120 0.346573 0.11532
121 0.136329 0.0821125
122 0.366403 0.1186
123 0.295903 0.111525
124 0.216297 0.0855424
125 0.379797 0.107699
126 0.482444 0.115758
127 0.186229 0.105716
128 0.395579 0.0931711
129 0.408379 0.103861
130 0.392991 0.10149
131 0.417153 0.0866311
132 0.194586 0.0603605
133 0.208526 0.110956
134 0.397782 0.0764251
135 0.410314 0.0962692
136 0.399546 0.1072
137 0.13859 0.0916032
138 0.245899 0.0962896
139 0.30464 0.102286
140 0.439253 0.0947186
141 0.273892 0.0684353
142 0.370765 0.111075
143 0.194259 0.103618
144 0.314821 0.102906
145 0.236334 0.0895048
146 0.135494 0.118341
147 0.422505 0.106991
148 0.279704 0.104465
149 0.280185 0.0878163
150 0.132127 0.0704994
151 0.165358 0.127081
152 0.365382 0.0933158
153 0.382861 0.0961606
154 0.261851 0.0941628
155 0.301658 0.0950898
156 0.267627 0.0829752
157 0.420116 0.105766
158 0.444013 0.096254
159 0.34925 0.0815709
160 0.321567 0.0941883
161 0.211294 0.0707231
162 0.328645 0.100311
163 0.190482 0.0881165
164 0.0855754 0.0911719
165 0.199727 0.0990893
166 0.139824 0.0936703
167 0.346431 0.0937708
168 0.256797 0.116334
169 0.348999 0.108466
170 0.374859 0.0763245
171 0.138757 0.0933109
172 0.394697 0.103968
173 0.318688 0.130759
174 0.414096 0.0889165
175 0.37564 0.098234
176 0.161476 0.122076
177 0.134104 0.110128
178 0.404022 0.0847266
179 0.469671 0.108324
180 0.412542 0.102241
181 0.35478 0.130214
182 0.525864 0.100784
183 0.522897 0.118019
184 0.184564 0.110805
185 0.54959 0.142785
186 0.310847 0.117119
187 0.236641 0.0951956
188 0.24993 0.122231
189 0.170743 0.106406
190 0.189462 0.142922
191 0.179069 0.094082
192 0.397552 0.109748
193 0.431915 0.130191
194 0.394506 0.094159
195 0.291675 0.123974
196 0.320567 0.098593
197 0.223663 0.131593
198 0.422447 0.0922621
199 0.238929 0.135676
200 0.238794 0.0795707
201 0.302911 0.0879526
202 0.357649 0.121599
203 0.508294 0.0873304
204 0.192673 0.120602
205 0.186422 0.107403
206 0.132844 0.0998021
207 0.254819 0.0828511
208 0.27625 0.119793
209 0.541713 0.0853887
210 0.406027 0.0772482
211 0.327582 0.116753
212 0.513869 0.113998
213 0.172945 0.0880019
214 0.252385 0.0872432
215 0.297888 0.113548
216 0.209208 0.107647
217 0.478723 0.107958
218 0.17613 0.125831
219 0.398396 0.104777
220 0.30744 0.109523
221 0.35391 0.109626
222 0.411515 0.0857533
223 0.360097 0.0996542
224 0.311188 0.118477
225 0.231352 0.102108
226 0.296662 0.10619
227 0.405639 0.0992394
228 0.638345 0.0949179
229 0.202261 0.0922847
230 0.2021 0.0861362
231 0.181863 0.121632
232 0.240028 0.0953062
233 0.307378 0.131494
234 0.377357 0.144363
235 0.328209 0.10052
236 -0.0652931 0.131601
237 0.459897 0.0970291
238 0.35001 0.0930304
239 0.451518 0.112741
240 0.271473 0.115456
241 0.302269 0.110521
242 0.364114 0.101526
243 0.205209 0.121849
244 0.392552 0.125257
245 0.267495 0.0924631
246 0.357107 0.108185
247 0.271211 0.140409
248 0.372832 0.137653
249 0.15923 0.111229
250 0.477856 0.12385
251 0.341945 0.117483
252 0.57457 0.0937832
253 0.553586 0.129164
254 0.324909 0.112584
255 0.142156 0.134976
256 0.230628 0.126321
257 0.135471 0.125886
258 0.335487 0.171094
259 0.265694 0.143918
260 0.396304 0.133981
261 0.3862 0.139296
262 0.36495 0.110699
263 0.352375 0.135416
264 0.416994 0.105363
265 0.558015 0.139606
266 0.35813 0.10526
267 0.417072 0.123023
268 0.304385 0.145752
269 0.469894 0.13313
270 0.297168 0.146397
271 0.536419 0.13002
272 0.170285 0.132002
273 0.200344 0.111652
274 0.447606 0.116484
275 0.324148 0.176193
276 0.438661 0.0976432
277 0.48456 0.155449
278 0.0317035 0.116216
279 0.190231 0.152419
280 0.322575 0.160286
281 0.397374 0.13525
282 0.484811 0.138065
283 0.226892 0.17269
284 0.444419 0.145392
285 0.270856 0.167986
286 0.266029 0.173002
287 0.207406 0.158501
288 0.399602 0.118525
289 0.557782 0.16537
290 0.453143 0.151429
291 0.369038 0.164756
292 0.19559 0.178556
293 0.328049 0.156759
294 0.403674 0.150893
295 0.00239375 0.151955
296 0.178384 0.158615
297 0.200413 0.146981
298 0.270246 0.228961
299 0 0
