0 0 0
1 -0.200222 0.32344
2 0.190571 0.200722
3 0.269509 0.218676
4 0.670382 0.129672
5 0.437293 0.222564
6 0.0825497 0.223013
7 0.599048 0.174746
8 0.207858 0.199859
9 -0.202294 0.139632
10 0.760989 0.190394
11 0.489196 0.165563
12 0.387436 0.157675
13 0.297449 0.195579
14 0.249221 0.107559
15 0.301112 0.222923
16 0.436453 0.192991
17 0.446915 0.183684
18 0.299886 0.180799
19 0.541936 0.188004
20 0.367701 0.205055
21 0.440966 0.175884
22 0.35273 0.167705
23 0.539103 0.155132
24 0.230194 0.175629
25 0.398903 0.15251
26 0.393648 0.17289
27 0.365852 0.148447
28 0.0784236 0.170641
29 0.224733 0.216569
30 0.129986 0.148594
31 0.392853 0.165866
32 0.44366 0.115169
33 0.434876 0.143756
34 -0.0877467 0.112351
35 0.189098 0.159905
36 0.456576 0.151692
37 -0.0909324 0.221335
38 0.423081 0.160943
39 0.226105 0.168438
40 0.120122 0.131814
41 0.402433 0.14892
42 0.184943 0.161391
43 0.331124 0.114692
44 0.766938 0.174964
45 0.477649 0.120095
46 0.488839 0.18611
47 0.0634916 0.108894
48 0.245146 0.128071
49 0.3437 0.175488
50 0.285187 0.132142
51 0.185235 0.156729
52 0.294015 0.168517
53 0.40668 0.165887
54 0.441492 0.192224
55 0.185183 0.162749
56 0.351898 0.116854
57 0.325171 0.160088
58 0.441736 0.10883
59 0.388196 0.184364
60 0.571257 0.123931
61 0.217678 0.117312
62 0.551723 0.189936
63 0.413954 0.108829
64 0.388661 0.136314
65 0.558577 0.127448
66 0.243808 0.156933
67 0.336093 0.128086
68 0.305394 0.118234
69 0.404848 0.158138
70 0.315011 0.13763
71 0.159188 0.160953
72 0.275244 0.142915
73 0.115626 0.143203
74 0.323654 0.178453
75 0.148078 0.117246
76 0.317892 0.101236
77 -0.0345345 0.128984
78 0.266399 0.123478
79 0.279862 0.118289
80 0.0572463 0.147204
81 0.322189 0.159872
82 0.149435 0.138688
83 0.144895 0.110876
84 0.712798 0.0854079
85 0.326483 0.121424
86 0.227747 0.125877
87 0.306038 0.0900194
88 0.229556 0.135384
89 0.474861 0.12128
90 0.304758 0.14604
91 0.196869 0.141126
92 0.207756 0.127015
93 0.25823 0.111355
94 0.383893 0.101635
95 0.243693 0.119216
96 0.473554 0.159308
97 0.516128 0.11522
98 0.21522 0.110138
99 0.247232 0.106073
100 0.275139 0.180124
101 0.392916 0.145
102 0.271641 0.148149
103 0.273844 0.171201
104 0.265887 0.148804
105 0.401792 0.172602
106 0.128139 0.13978
107 0.351832 0.132461
108 0.254985 0.115536
109 0.384538 0.132869
110 0.258995 0.143338
111 0.126622 0.124579
112 0.357487 0.124131
113 0.489286 0.136806
114 0.304978 0.112144
115 0.263729 0.129461
116 0.313533 0.157463
117 0.590784 0.147104
118 0.313128 0.110707
119 0.418404 0.122159
120 0.282515 0.146855
121 0.27443 0.156426
122 0.333576 0.15649
123 0.236138 0.092173
124 0.207921 0.127145
125 0.21078 0.137472
126 0.510405 0.0999686
127 0.292333 0.111405
128 0.161196 0.119458
129 0.405869 0.162425
130 0.414343 0.139609
131 0.113447 0.0894544
132 0.402756 0.102311
133 0.415603 0.126536
134 0.49416 0.142204
135 0.226843 0.128729
136 0.513549 0.116034
137 0.182593 0.111931
138 0.125611 0.111474
139 0.085465 0.128515
140 0.253669 0.111711
141 0.31033 0.131874
142 0.498284 0.109149
143 0.290089 0.123117
144 0.258017 0.14168
145 0.237216 0.133092
146 0.206961 0.104396
147 0.223408 0.10639
148 0.27166 0.130208
149 0.191971 0.112673
150 0.140216 0.116685
151 0.26441 0.152254
152 0.278966 0.136813
153 0.132102 0.128986
154 0.420231 0.126169
155 0.297858 0.13308
156 0.161312 0.1144
157 0.33184 0.0789491
158 0.151654 0.152239
159 0.588568 0.133359
160 0.0865796 0.100787
161 0.259288 0.119109
162 0.290119 0.109325
163 0.244214 0.171264
164 0.187949 0.102158
165 0.132369 0.12463
166 0.213409 0.0968762
167 0.194376 0.118986
168 0.488841 0.101648
169 0.238741 0.105031
170 0.258856 0.143429
171 0.370381 0.122226
172 0.552367 0.120459
173 0.225052 0.12843
174 0.170883 0.111729
175 0.228402 0.111729
176 0.222497 0.133772
177 0.170003 0.132358
178 0.323645 0.130595
179 0.257127 0.113933
180 0.636284 0.154991
181 0.367316 0.109262
182 0.590088 0.187039
183 0.389175 0.101318
184 0.261647 0.124709
185 0.493228 0.118069
186 0.283549 0.11277
187 0.326221 0.118557
188 0.0718549 0.0980416
189 0.307543 0.109805
190 0.14744 0.155179
191 0.292165 0.106331
192 0.265208 0.115071
193 0.303888 0.100985
194 0.184291 0.186964
195 0.354243 0.179507
196 0.258206 0.179192
197 0.362247 0.170814
198 0.384709 0.103389
199 0.36588 0.142618
200 0.189076 0.0813875
201 0.339497 0.120858
202 0.121494 0.15489
203 0.614796 0.12939
204 0.251244 0.126893
205 0.323256 0.117544
206 0.419662 0.115597
207 0.133204 0.153438
208 0.279546 0.165999
209 0.463765 0.116601
210 0.24843 0.148408
211 0.44731 0.125795
212 0.515023 0.11652
213 0.143185 0.108209
214 0.503673 0.139548
215 0.229986 0.122231
216 0.373856 0.14015
217 0.565769 0.106838
218 0.322972 0.169766
219 0.0994711 0.156083
220 0.215804 0.134961
221 0.387374 0.138512
222 0.231207 0.125064
223 0.298345 0.121407
224 0.265106 0.113141
225 0.383914 0.103101
226 0.22159 0.0974808
227 0.470473 0.164848
228 0.238554 0.144041
229 0.149387 0.137531
230 0.307689 0.138178
231 0.189522 0.144907
232 0.174973 0.107746
233 0.215967 0.128702
234 0.396307 0.117664
235 0.436299 0.144621
236 0.131395 0.101556
237 0.5241 0.16362
238 0.449539 0.136106
239 0.349572 0.127036
240 0.263605 0.135338
241 0.341487 0.139977
242 0.241282 0.14599
243 0.2443 0.131999
244 0.232769 0.139017
245 0.0029059 0.122262
246 0.106643 0.170073
247 0.226729 0.108529
248 0.369042 0.0959868
249 0.280111 0.112216
250 0.194566 0.163779
251 0.369596 0.162829
252 0.635206 0.157085
253 0.416224 0.183937
254 0.285566 0.130179
255 0.0456954 0.170818
256 0.296109 0.168699
257 0.321 0.135086
258 0.367208 0.131096
259 0.336527 0.201905
260 0.344004 0.1908
261 0.346362 0.190878
262 0.490145 0.158648
263 0.35406 0.147746
264 0.451928 0.19763
265 0.213831 0.119132
266 0.314675 0.128568
267 0.573383 0.125192
268 0.289186 0.143052
269 0.585873 0.115406
270 0.433824 0.14995
271 0.491131 0.167948
272 0.10565 0.176027
273 0.298105 0.179821
274 0.288732 0.15725
275 0.235687 0.149239
276 0.647486 0.145994
277 0.605976 0.181518
278 0.189097 0.232984
279 0.130199 0.15539
280 0.242356 0.198691
281 0.556589 0.198117
282 0.371389 0.210263
283 0.216139 0.188326
284 0.371094 0.189262
285 0.264905 0.179738
286 0.456532 0.151248
287 0.488228 0.145767
288 0.281589 0.214327
289 0.355304 0.223255
290 0.141647 0.175849
291 0.32467 0.186992
292 0.600266 0.183926
293 0.237392 0.181457
294 0.220917 0.139054
295 0.384087 0.253218
296 0.490585 0.194608
297 0.228742 0.154329
298 0.326431 0.198879
299 0 0
