0 -0.466882 0.0155551
1 -0.575201 0.0113956
2 -0.642827 0.00975426
3 -0.696921 0.00650978
4 -0.731949 0.00722495
5 -0.759119 0.00768885
6 -0.771586 0.00711598
7 -0.781506 0.00716422
8 -0.787823 0.00788249
9 -0.790738 0.00669
10 -0.794209 0.00591438
11 -0.793449 0.00631567
12 -0.792252 0.00557821
13 -0.802016 0.00677996
14 -0.807859 0.00550398
15 -0.800693 0.00556566
16 -0.798289 0.00575783
17 -0.791594 0.00570813
18 -0.788059 0.00538821
19 -0.789104 0.00601471
20 -0.786548 0.00701714
21 -0.788768 0.0048875
22 -0.789001 0.00447433
23 -0.784109 0.00410155
24 -0.784303 0.00442023
25 -0.792744 0.00532832
26 -0.789056 0.00440639
27 -0.789829 0.00380718
28 -0.785255 0.00632266
29 -0.780915 0.00749156
30 -0.786626 0.00595204
31 -0.791046 0.00504615
32 -0.794215 0.00468225
33 -0.788186 0.00445958
34 -0.786459 0.00540754
35 -0.784634 0.00582774
36 -0.787235 0.00462448
37 -0.786836 0.0052188
38 -0.789882 0.00396979
39 -0.789304 0.00491776
40 -0.79316 0.00540201
41 -0.791516 0.00583433
42 -0.79406 0.0052821
43 -0.795701 0.00471594
44 -0.796412 0.00559799
45 -0.790509 0.00561251
46 -0.78313 0.00586997
47 -0.781342 0.00635918
48 -0.784568 0.0056707
49 -0.776865 0.0042085
50 -0.779246 0.00546011
51 -0.777794 0.0058184
52 -0.783399 0.00593682
53 -0.780655 0.00619502
54 -0.778041 0.00569919
55 -0.77938 0.00527312
56 -0.778553 0.00485826
57 -0.785445 0.00441258
58 -0.777099 0.00485321
59 -0.776106 0.0040191
60 -0.78325 0.0039997
61 -0.777685 0.00545063
62 -0.776264 0.00499406
63 -0.779469 0.00533038
64 -0.776938 0.00544069
65 -0.783109 0.00539463
66 -0.785723 0.0064201
67 -0.789616 0.00591823
68 -0.783668 0.00598672
69 -0.784893 0.00495853
70 -0.787723 0.00544112
71 -0.786806 0.00404637
72 -0.784368 0.00480689
73 -0.781237 0.00446875
74 -0.784974 0.00523725
75 -0.787235 0.00393073
76 -0.783942 0.00438155
77 -0.786941 0.00430246
78 -0.78659 0.00362056
79 -0.785055 0.00394053
80 -0.784447 0.00358319
81 -0.785267 0.00437237
82 -0.780864 0.00496608
83 -0.7781 0.00458101
84 -0.78016 0.00516362
85 -0.780465 0.00348375
86 -0.784831 0.00394985
87 -0.787096 0.00431232
88 -0.78586 0.00425919
89 -0.784035 0.00432416
90 -0.78183 0.00379904
91 -0.784336 0.00421593
92 -0.784196 0.00400928
93 -0.780952 0.00395855
94 -0.785144 0.00296566
95 -0.788199 0.00306903
96 -0.789189 0.0043835
97 -0.792065 0.00410194
98 -0.792849 0.00452528
99 -0.788379 0.0049604
100 -0.781372 0.00607348
101 -0.78533 0.00553674
102 -0.788049 0.00628013
103 -0.784514 0.00572047
104 -0.781476 0.00444848
105 -0.777472 0.0043969
106 -0.777188 0.00491521
107 -0.77804 0.00455158
108 -0.778117 0.00580741
109 -0.778997 0.00411404
110 -0.780684 0.00416631
111 -0.784892 0.00369712
112 -0.785645 0.00389615
113 -0.788827 0.00410774
114 -0.786735 0.00453801
115 -0.784306 0.00390088
116 -0.785983 0.00388887
117 -0.784668 0.00384386
118 -0.782576 0.00425322
119 -0.783808 0.00404463
120 -0.780733 0.00336894
121 -0.78394 0.00361904
122 -0.782513 0.0040585
123 -0.781986 0.00377179
124 -0.780515 0.00297298
125 -0.779397 0.00358616
126 -0.775767 0.0038627
127 -0.776236 0.0034337
128 -0.777583 0.00418612
129 -0.783944 0.00498563
130 -0.786308 0.00386676
131 -0.785503 0.00388614
132 -0.783317 0.00389975
133 -0.78463 0.0040178
134 -0.781602 0.00401832
135 -0.779761 0.00483044
136 -0.775922 0.0039995
137 -0.7744 0.00391719
138 -0.778727 0.00398491
139 -0.775387 0.0044875
140 -0.777644 0.00462655
141 -0.779916 0.00510965
142 -0.781908 0.00375349
143 -0.777617 0.00458253
144 -0.778649 0.0033544
145 -0.782113 0.00449008
146 -0.777506 0.00381806
147 -0.785121 0.00349375
148 -0.779736 0.00441986
149 -0.78193 0.00423992
150 -0.782569 0.00338879
151 -0.779045 0.00279763
152 -0.780812 0.00417457
153 -0.779206 0.00512027
154 -0.783652 0.00379292
155 -0.78026 0.00459771
156 -0.780219 0.00437695
157 -0.777146 0.00462618
158 -0.771476 0.00404079
159 -0.773127 0.00416675
160 -0.773159 0.00527338
161 -0.775175 0.0043907
162 -0.775637 0.00376799
163 -0.774498 0.00371221
164 -0.77156 0.00368402
165 -0.776898 0.0034192
166 -0.77458 0.00376712
167 -0.775915 0.00285816
168 -0.774763 0.00406815
169 -0.772817 0.00380957
170 -0.773399 0.00413416
171 -0.774199 0.00471691
172 -0.777404 0.00491009
173 -0.776076 0.00454672
174 -0.779737 0.00394241
175 -0.783546 0.00399096
176 -0.78424 0.00350833
177 -0.787656 0.0050692
178 -0.783203 0.00477033
179 -0.778827 0.00414165
180 -0.776828 0.00395861
181 -0.776775 0.00368652
182 -0.778305 0.00421215
183 -0.775911 0.00362788
184 -0.772332 0.00393202
185 -0.77719 0.00468503
186 -0.781174 0.00551174
187 -0.776787 0.00408694
188 -0.78258 0.00383533
189 -0.781254 0.00446502
190 -0.777946 0.00505763
191 -0.779765 0.00575032
192 -0.77581 0.00555072
193 -0.780448 0.00604648
194 -0.778951 0.00462398
195 -0.775223 0.00619684
196 -0.775053 0.00560479
197 -0.772033 0.00577129
198 -0.774825 0.00586735
199 -0.780499 0.00497423
200 -0.7777 0.00479592
201 -0.777883 0.00424815
202 -0.780851 0.0040549
203 -0.783528 0.00347796
204 -0.784533 0.00349185
205 -0.784236 0.00449187
206 -0.778028 0.00526366
207 -0.778585 0.00456392
208 -0.778969 0.00503395
209 -0.783133 0.0043753
210 -0.783736 0.00473741
211 -0.778812 0.00454138
212 -0.773927 0.00398401
213 -0.776083 0.00413606
214 -0.774978 0.00378992
215 -0.780407 0.00436625
216 -0.781252 0.00438287
217 -0.779011 0.00415486
218 -0.778049 0.00390674
219 -0.775805 0.00383741
220 -0.775862 0.00415368
221 -0.776847 0.00329528
222 -0.777029 0.00290177
223 -0.77596 0.00366009
224 -0.777796 0.00335635
225 -0.780249 0.0033599
226 -0.782693 0.00347414
227 -0.785953 0.00511909
228 -0.791246 0.00324289
229 -0.784196 0.00396468
230 -0.787608 0.00467301
231 -0.782206 0.00511853
232 -0.785292 0.00597546
233 -0.780537 0.0058196
234 -0.779758 0.00617055
235 -0.774498 0.00560147
236 -0.774293 0.00574788
237 -0.778488 0.00561072
238 -0.786768 0.00484569
239 -0.785998 0.00478631
240 -0.786799 0.00550154
241 -0.786623 0.00443411
242 -0.790282 0.00359635
243 -0.785712 0.00349556
244 -0.775752 0.00476085
245 -0.778993 0.00511722
246 -0.780796 0.00478253
247 -0.784428 0.0039336
248 -0.784572 0.00509366
249 -0.786526 0.00452697
250 -0.785265 0.00405776
251 -0.784242 0.00380628
252 -0.779801 0.00369167
253 -0.786347 0.00433597
254 -0.784569 0.00535118
255 -0.782594 0.00553073
256 -0.779183 0.00635748
257 -0.780064 0.00725425
258 -0.789655 0.00622192
259 -0.790177 0.00654595
260 -0.791058 0.00484708
261 -0.79056 0.00489027
262 -0.791809 0.00486829
263 -0.788928 0.00519527
264 -0.785044 0.00556894
265 -0.778323 0.00579838
266 -0.777812 0.00588511
267 -0.781822 0.00633531
268 -0.77706 0.00754821
269 -0.784974 0.00626548
270 -0.789199 0.00537661
271 -0.782789 0.00568527
272 -0.783626 0.00587612
273 -0.784437 0.00473573
274 -0.779137 0.00457449
275 -0.777982 0.00558115
276 -0.778658 0.00598158
277 -0.783338 0.00578954
278 -0.784717 0.00641236
279 -0.781559 0.00611547
280 -0.785202 0.00499605
281 -0.787413 0.00638196
282 -0.792737 0.00551084
283 -0.792322 0.00485345
284 -0.792512 0.00515441
285 -0.79015 0.00530026
286 -0.789237 0.00620195
287 -0.786506 0.00656287
288 -0.786451 0.00553025
289 -0.779066 0.00573086
290 -0.776269 0.00656233
291 -0.765839 0.00489422
292 -0.765347 0.00467522
293 -0.75447 0.00547291
294 -0.73737 0.00662233
295 -0.714614 0.00835595
296 -0.682882 0.0102637
297 -0.634819 0.0112189
298 -0.561362 0.0114202
299 -0.445138 0.0148384
