0 -0.768013 0.00601098
1 -0.77564 0.00419061
2 -0.776382 0.0041892
3 -0.778953 0.00391313
4 -0.779845 0.00402239
5 -0.777294 0.0048338
6 -0.776847 0.00488518
7 -0.774205 0.00628371
8 -0.767342 0.0053849
9 -0.770564 0.00379359
10 -0.770661 0.00424353
11 -0.767009 0.0038619
12 -0.769644 0.00403907
13 -0.766142 0.00417873
14 -0.762199 0.00448745
15 -0.771595 0.00534
16 -0.773228 0.00554262
17 -0.771854 0.00604639
18 -0.775167 0.00484151
19 -0.778444 0.0041434
20 -0.777976 0.00392494
21 -0.7851 0.00367213
22 -0.784586 0.00402925
23 -0.783618 0.00452052
24 -0.780801 0.00324881
25 -0.779813 0.0035675
26 -0.776713 0.00331112
27 -0.775819 0.00386753
28 -0.780802 0.00398668
29 -0.78009 0.00433927
30 -0.773957 0.00453659
31 -0.775268 0.00530804
32 -0.776592 0.00507252
33 -0.772903 0.00398828
34 -0.774421 0.00402012
35 -0.77196 0.00474689
36 -0.774534 0.00399937
37 -0.777665 0.00382583
38 -0.77704 0.00422356
39 -0.773923 0.00434149
40 -0.77651 0.00470196
41 -0.782194 0.00426818
42 -0.778934 0.0048883
43 -0.784046 0.0043034
44 -0.784519 0.00400995
45 -0.783122 0.00417007
46 -0.781274 0.00350122
47 -0.782675 0.00341461
48 -0.779664 0.00331791
49 -0.779048 0.00370782
50 -0.778541 0.00385182
51 -0.779298 0.0052832
52 -0.776899 0.00486747
53 -0.778736 0.00423697
54 -0.777222 0.00336113
55 -0.77684 0.00401253
56 -0.775127 0.00335397
57 -0.775808 0.00387641
58 -0.780582 0.00434643
59 -0.78189 0.00435814
60 -0.782045 0.0041267
61 -0.782828 0.00370883
62 -0.779801 0.00415817
63 -0.778974 0.00371778
64 -0.777539 0.00393648
65 -0.780694 0.00336774
66 -0.778529 0.00329825
67 -0.775781 0.00335668
68 -0.778065 0.00307115
69 -0.778176 0.0025339
70 -0.778359 0.00350851
71 -0.782425 0.00423771
72 -0.781924 0.00366733
73 -0.781164 0.00360092
74 -0.78068 0.00428133
75 -0.78196 0.00451616
76 -0.781884 0.00467694
77 -0.781325 0.00410434
78 -0.779155 0.00339116
79 -0.780058 0.00335303
80 -0.781821 0.00253692
81 -0.776817 0.00308469
82 -0.779782 0.00341637
83 -0.781211 0.00329773
84 -0.779393 0.0034227
85 -0.779955 0.00282528
86 -0.781131 0.00348054
87 -0.780788 0.00354713
88 -0.780715 0.00307869
89 -0.782505 0.00285239
90 -0.778361 0.00291067
91 -0.780083 0.00300603
92 -0.777042 0.00325131
93 -0.778181 0.0037368
94 -0.777585 0.0039622
95 -0.775759 0.00358457
96 -0.778087 0.00316437
97 -0.777548 0.00366643
98 -0.777989 0.0039635
99 -0.776715 0.00376099
100 -0.776672 0.0030305
101 -0.775264 0.00273331
102 -0.774484 0.0027979
103 -0.775662 0.00224026
104 -0.774612 0.00216306
105 -0.775519 0.00336163
106 -0.777693 0.00381303
107 -0.776929 0.00393945
108 -0.774925 0.00275005
109 -0.773403 0.00255213
110 -0.772976 0.00308251
111 -0.774312 0.00297092
112 -0.778477 0.00298375
113 -0.778128 0.00261208
114 -0.784292 0.00279263
115 -0.787168 0.00280614
116 -0.788228 0.00309896
117 -0.785171 0.00310516
118 -0.78617 0.00336784
119 -0.790271 0.00349172
120 -0.787191 0.00377145
121 -0.788014 0.00359674
122 -0.786843 0.00272886
123 -0.785063 0.0027077
124 -0.784573 0.00262667
125 -0.785813 0.0032777
126 -0.785955 0.00320653
127 -0.78297 0.00283726
128 -0.781636 0.00256624
129 -0.781699 0.00217996
130 -0.782035 0.00305005
131 -0.781909 0.00250701
132 -0.782851 0.00229903
133 -0.781518 0.00278615
134 -0.780821 0.00268743
135 -0.780384 0.00284598
136 -0.78286 0.00313101
137 -0.781392 0.002905
138 -0.784587 0.00318207
139 -0.783576 0.00298491
140 -0.781035 0.00317585
141 -0.778025 0.00255726
142 -0.781517 0.00233493
143 -0.782482 0.00280497
144 -0.781291 0.00236269
145 -0.78151 0.00318694
146 -0.779001 0.00339041
147 -0.778318 0.00359596
148 -0.778975 0.00387429
149 -0.78002 0.00350706
150 -0.779279 0.00389522
151 -0.779924 0.00375421
152 -0.783713 0.00374855
153 -0.78178 0.00315893
154 -0.780951 0.00269919
155 -0.778811 0.00301238
156 -0.778525 0.00315034
157 -0.779303 0.00328815
158 -0.776108 0.00400489
159 -0.774806 0.00412444
160 -0.776461 0.00374819
161 -0.779431 0.00382138
162 -0.779793 0.00365599
163 -0.778918 0.00418556
164 -0.778222 0.00354189
165 -0.775077 0.00435685
166 -0.778658 0.00391681
167 -0.776509 0.00381484
168 -0.776395 0.00355549
169 -0.775549 0.00350504
170 -0.781225 0.00394133
171 -0.782248 0.00372619
172 -0.781469 0.00379695
173 -0.780061 0.00302415
174 -0.782368 0.00337451
175 -0.783091 0.00355014
176 -0.781776 0.00361932
177 -0.781791 0.00397633
178 -0.784738 0.0033022
179 -0.783607 0.00334582
180 -0.781681 0.00375111
181 -0.782349 0.00299464
182 -0.782531 0.00331633
183 -0.778631 0.00356828
184 -0.779312 0.00320562
185 -0.779937 0.00308681
186 -0.780224 0.00303721
187 -0.779805 0.00259364
188 -0.783027 0.00280354
189 -0.782914 0.00286144
190 -0.782262 0.00333598
191 -0.785574 0.00296395
192 -0.785159 0.00332364
193 -0.780225 0.00290414
194 -0.780617 0.00359339
195 -0.783049 0.00312815
196 -0.781456 0.00335103
197 -0.784151 0.00385374
198 -0.780571 0.00321585
199 -0.779077 0.00361372
200 -0.780459 0.00345818
201 -0.781989 0.00336932
202 -0.782151 0.00344321
203 -0.780368 0.00293161
204 -0.777844 0.00278195
205 -0.77807 0.0027384
206 -0.777548 0.00312915
207 -0.77834 0.0026848
208 -0.777772 0.00189938
209 -0.777549 0.00236301
210 -0.776519 0.00332398
211 -0.77974 0.00340369
212 -0.776556 0.0029183
213 -0.776436 0.0032453
214 -0.779064 0.00270146
215 -0.779182 0.00268673
216 -0.781901 0.00253725
217 -0.781133 0.00248499
218 -0.780266 0.00294741
219 -0.782443 0.00356145
220 -0.782669 0.00289616
221 -0.781865 0.00196144
222 -0.782777 0.00286407
223 -0.782928 0.0031931
224 -0.781781 0.00343638
225 -0.783481 0.00333435
226 -0.782472 0.00349439
227 -0.781636 0.00281192
228 -0.785147 0.0023955
229 -0.78152 0.0030685
230 -0.780192 0.00305537
231 -0.780449 0.00318355
232 -0.779659 0.00317404
233 -0.777411 0.0033322
234 -0.780121 0.00407474
235 -0.781099 0.00419201
236 -0.778406 0.00351578
237 -0.778134 0.00347756
238 -0.7822 0.00219345
239 -0.781633 0.00299282
240 -0.78256 0.00276098
241 -0.781323 0.00225118
242 -0.782531 0.00253215
243 -0.778524 0.00303913
244 -0.778891 0.00325983
245 -0.778563 0.00447049
246 -0.779772 0.00468037
247 -0.782372 0.00460897
248 -0.7803 0.00373769
249 -0.782156 0.0035727
250 -0.783181 0.00345591
251 -0.782715 0.00351814
252 -0.783144 0.0036765
253 -0.781742 0.0026932
254 -0.777901 0.00250928
255 -0.779941 0.00301263
256 -0.781584 0.00397187
257 -0.783708 0.00496226
258 -0.783085 0.00456235
259 -0.782434 0.00441191
260 -0.782221 0.00444286
261 -0.782395 0.00408444
262 -0.779105 0.00466821
263 -0.775942 0.00456103
264 -0.777625 0.00455398
265 -0.777973 0.00481811
266 -0.780473 0.00386194
267 -0.783435 0.00391196
268 -0.781827 0.00445933
269 -0.7853 0.00445598
270 -0.783971 0.00336423
271 -0.780501 0.00455329
272 -0.779718 0.00508948
273 -0.781853 0.00428656
274 -0.779112 0.0040827
275 -0.776618 0.00414568
276 -0.779783 0.00395904
277 -0.782126 0.00401841
278 -0.781843 0.00459827
279 -0.781541 0.00409692
280 -0.778924 0.00415382
281 -0.773911 0.0045884
282 -0.778306 0.00408413
283 -0.783521 0.00478199
284 -0.786103 0.0043338
285 -0.782914 0.0042233
286 -0.780511 0.00375115
287 -0.777885 0.00289775
288 -0.777654 0.00330087
289 -0.776547 0.00418922
290 -0.775003 0.00424793
291 -0.77047 0.00534702
292 -0.774965 0.0052248
293 -0.774282 0.00556951
294 -0.769019 0.00534941
295 -0.767387 0.00538929
296 -0.762009 0.00388737
297 -0.761623 0.003545
298 -0.760842 0.00434038
299 -0.759698 0.00440405
