0 -0.462348 0.0107585
1 -0.541076 0.00877993
2 -0.594209 0.00784111
3 -0.638094 0.00776771
4 -0.66794 0.00878879
5 -0.69084 0.00771536
6 -0.714021 0.00633113
7 -0.723825 0.00644581
8 -0.735262 0.00667578
9 -0.747348 0.00626064
10 -0.753077 0.00626584
11 -0.761552 0.00702165
12 -0.768601 0.007034
13 -0.771784 0.0063137
14 -0.779738 0.00448349
15 -0.783512 0.00437094
16 -0.787918 0.00435033
17 -0.794327 0.00397769
18 -0.789675 0.00419955
19 -0.789877 0.0040448
20 -0.789348 0.00451311
21 -0.788109 0.00448342
22 -0.788323 0.00417951
23 -0.788753 0.00395509
24 -0.785781 0.00355174
25 -0.782044 0.00432207
26 -0.786265 0.00375984
27 -0.785772 0.00382942
28 -0.781357 0.00407453
29 -0.780373 0.00375536
30 -0.783791 0.0036582
31 -0.78605 0.00391451
32 -0.786204 0.0041439
33 -0.78414 0.0035069
34 -0.789644 0.00348594
35 -0.787901 0.003616
36 -0.788044 0.00251644
37 -0.788029 0.00310561
38 -0.782485 0.00399374
39 -0.782887 0.00291926
40 -0.785333 0.0027839
41 -0.786199 0.00348769
42 -0.782254 0.00347963
43 -0.782127 0.00348635
44 -0.780359 0.0036961
45 -0.779324 0.00407134
46 -0.778503 0.00391029
47 -0.780114 0.00477102
48 -0.780283 0.00482191
49 -0.780389 0.00462876
50 -0.78194 0.00436915
51 -0.781213 0.00504199
52 -0.785066 0.00431082
53 -0.787771 0.00454237
54 -0.788807 0.00433047
55 -0.783878 0.00424155
56 -0.785255 0.00457442
57 -0.783606 0.00366405
58 -0.785621 0.00383463
59 -0.781989 0.00418865
60 -0.781383 0.00346368
61 -0.785166 0.00373913
62 -0.784173 0.00297507
63 -0.782782 0.00267423
64 -0.779284 0.00345293
65 -0.781859 0.00408819
66 -0.786531 0.00424196
67 -0.783507 0.00373021
68 -0.778945 0.00365109
69 -0.78026 0.00395413
70 -0.778973 0.00388537
71 -0.780821 0.00325266
72 -0.782607 0.00381009
73 -0.781241 0.00345033
74 -0.78173 0.00316258
75 -0.783897 0.00299914
76 -0.782559 0.00306076
77 -0.783683 0.00315544
78 -0.785337 0.00280512
79 -0.783804 0.00233102
80 -0.783833 0.00211088
81 -0.784758 0.00214609
82 -0.784765 0.00258795
83 -0.783651 0.00287911
84 -0.782827 0.00327398
85 -0.78436 0.00285955
86 -0.781674 0.00286262
87 -0.782597 0.00233421
88 -0.783317 0.00214833
89 -0.780581 0.00238758
90 -0.78153 0.00303224
91 -0.781514 0.00252032
92 -0.780751 0.00270453
93 -0.784143 0.00271343
94 -0.781669 0.00257146
95 -0.780375 0.00284846
96 -0.780979 0.00230272
97 -0.779775 0.00277706
98 -0.779101 0.0027974
99 -0.780277 0.00259587
100 -0.775335 0.00235504
101 -0.774971 0.002519
102 -0.777695 0.00281866
103 -0.77651 0.00289452
104 -0.777559 0.00213765
105 -0.775116 0.00165064
106 -0.777944 0.00244256
107 -0.778969 0.00311966
108 -0.779055 0.00386349
109 -0.781777 0.00399266
110 -0.782486 0.00368261
111 -0.784912 0.00350622
112 -0.781828 0.00302762
113 -0.782356 0.00290675
114 -0.783325 0.00287271
115 -0.785052 0.00241546
116 -0.78476 0.00298826
117 -0.783781 0.00264713
118 -0.785698 0.00287547
119 -0.783864 0.00325412
120 -0.77944 0.00335968
121 -0.779704 0.00271598
122 -0.781529 0.00227229
123 -0.783408 0.00189231
124 -0.781883 0.0023956
125 -0.780777 0.00257813
126 -0.780432 0.00190065
127 -0.78148 0.00215797
128 -0.782071 0.00295416
129 -0.781671 0.00317871
130 -0.783777 0.00307698
131 -0.784971 0.00302502
132 -0.787058 0.0026754
133 -0.785407 0.00266169
134 -0.783282 0.00302977
135 -0.78355 0.00295225
136 -0.783901 0.00355138
137 -0.782614 0.00313277
138 -0.782015 0.00298591
139 -0.784148 0.00254694
140 -0.780475 0.00255839
141 -0.781073 0.00317487
142 -0.779463 0.00294518
143 -0.778362 0.00301905
144 -0.776975 0.00307273
145 -0.780528 0.00277331
146 -0.781065 0.00285172
147 -0.780703 0.00289803
148 -0.781281 0.0034475
149 -0.779569 0.00296234
150 -0.77932 0.00269508
151 -0.779248 0.0028794
152 -0.780514 0.00262629
153 -0.779165 0.00280367
154 -0.782327 0.0030515
155 -0.783087 0.00280993
156 -0.783902 0.00279511
157 -0.784313 0.00259373
158 -0.781067 0.00294494
159 -0.782048 0.00273713
160 -0.78258 0.00357646
161 -0.783576 0.00367201
162 -0.784791 0.00353945
163 -0.78724 0.0032597
164 -0.789311 0.00373908
165 -0.788432 0.00370057
166 -0.78941 0.00369919
167 -0.786432 0.00367008
168 -0.78468 0.00284287
169 -0.783873 0.00239541
170 -0.784264 0.00266515
171 -0.782309 0.00267204
172 -0.782549 0.00364899
173 -0.785047 0.00308501
174 -0.786127 0.00344452
175 -0.786704 0.00288131
176 -0.787603 0.00311326
177 -0.7862 0.00325774
178 -0.783056 0.0032401
179 -0.782448 0.00359009
180 -0.779329 0.00373948
181 -0.779988 0.00378578
182 -0.785343 0.00361743
183 -0.782072 0.00377813
184 -0.778922 0.00438164
185 -0.779776 0.0042164
186 -0.777968 0.00381556
187 -0.776926 0.00322766
188 -0.777057 0.00302439
189 -0.777811 0.00327776
190 -0.774115 0.00412215
191 -0.778513 0.00374844
192 -0.781257 0.00321224
193 -0.778003 0.00344362
194 -0.778336 0.00344145
195 -0.783713 0.0039123
196 -0.78181 0.00349071
197 -0.781143 0.00356884
198 -0.784216 0.00415972
199 -0.782447 0.00381062
200 -0.779298 0.0041824
201 -0.781046 0.00382936
202 -0.779663 0.00449973
203 -0.78136 0.00399265
204 -0.779656 0.00370186
205 -0.777803 0.00329533
206 -0.779269 0.00312671
207 -0.778397 0.00278442
208 -0.776931 0.00360601
209 -0.776101 0.00355393
210 -0.775926 0.00356275
211 -0.780887 0.00310068
212 -0.780269 0.00311635
213 -0.77922 0.00307327
214 -0.780513 0.00282314
215 -0.778607 0.00292327
216 -0.779438 0.00272037
217 -0.779441 0.00324378
218 -0.779786 0.00373623
219 -0.783448 0.00320525
220 -0.784389 0.00316292
221 -0.785458 0.0031323
222 -0.784934 0.00357272
223 -0.784246 0.00358331
224 -0.785101 0.00348882
225 -0.784066 0.00347567
226 -0.783667 0.00385139
227 -0.782663 0.00420058
228 -0.781584 0.00404541
229 -0.781467 0.00466265
230 -0.782229 0.00454062
231 -0.781733 0.00461334
232 -0.777573 0.00499214
233 -0.77974 0.00432351
234 -0.781562 0.00437471
235 -0.781558 0.00419735
236 -0.779124 0.00390766
237 -0.781608 0.00430953
238 -0.78653 0.00388579
239 -0.786301 0.00345836
240 -0.783853 0.00380813
241 -0.78016 0.00415554
242 -0.780088 0.00382862
243 -0.777585 0.00313129
244 -0.778708 0.0036945
245 -0.783727 0.00334999
246 -0.784052 0.00325032
247 -0.785615 0.00303665
248 -0.783498 0.00302836
249 -0.782901 0.00379534
250 -0.785111 0.00300447
251 -0.78842 0.00360196
252 -0.786521 0.00372005
253 -0.784746 0.00395634
254 -0.783017 0.00433619
255 -0.786099 0.00441534
256 -0.783972 0.00449946
257 -0.783425 0.00479071
258 -0.784584 0.00408937
259 -0.784386 0.00491215
260 -0.783644 0.0046734
261 -0.782165 0.00458531
262 -0.780536 0.00405444
263 -0.783313 0.00391817
264 -0.782048 0.00288621
265 -0.78187 0.00311905
266 -0.78286 0.00375458
267 -0.792723 0.00394607
268 -0.791187 0.00372956
269 -0.791602 0.00401388
270 -0.790186 0.00356167
271 -0.787101 0.0035416
272 -0.788827 0.00414383
273 -0.79091 0.00317356
274 -0.789829 0.00334864
275 -0.785398 0.00376715
276 -0.784326 0.00362383
277 -0.788181 0.00408896
278 -0.787843 0.00415294
279 -0.789288 0.00423477
280 -0.785145 0.00444123
281 -0.780209 0.00454635
282 -0.779216 0.00387498
283 -0.772342 0.00370112
284 -0.772312 0.00364939
285 -0.772908 0.00400165
286 -0.768635 0.00485966
287 -0.762133 0.00409146
288 -0.75649 0.00471829
289 -0.748256 0.00488203
290 -0.743065 0.00583636
291 -0.733153 0.0069987
292 -0.72365 0.00554923
293 -0.705467 0.0055975
294 -0.687312 0.00591195
295 -0.66534 0.00673409
296 -0.627148 0.00690174
297 -0.586276 0.00674851
298 -0.535635 0.00749559
299 -0.465869 0.00785732
