-4.9875 0 0
-4.9625 0 0
-4.9375 0 0
-4.9125 0 0
-4.8875 0 0
-4.8625 0 0
-4.8375 0 0
-4.8125 0 0
-4.7875 0 0
-4.7625 0 0
-4.7375 0 0
-4.7125 0 0
-4.6875 0 0
-4.6625 0 0
-4.6375 0 0
-4.6125 0 0
-4.5875 0 0
-4.5625 0 0
-4.5375 0 0
-4.5125 0 0
-4.4875 0 0
-4.4625 0 0
-4.4375 0 0
-4.4125 0 0
-4.3875 0 0
-4.3625 0 0
-4.3375 0 0
-4.3125 0 0
-4.2875 0 0
-4.2625 0 0
-4.2375 0 0
-4.2125 0 0
-4.1875 0 0
-4.1625 0 0
-4.1375 0 0
-4.1125 0 0
-4.0875 0 0
-4.0625 0 0
-4.0375 0 0
-4.0125 0 0
-3.9875 0 0
-3.9625 0 0
-3.9375 0 0
-3.9125 0 0
-3.8875 0 0
-3.8625 0 0
-3.8375 0 0
-3.8125 0 0
-3.7875 0 0
-3.7625 0 0
-3.7375 0 0
-3.7125 0 0
-3.6875 0 0
-3.6625 0 0
-3.6375 0 0
-3.6125 0 0
-3.5875 0 0
-3.5625 0 0
-3.5375 0 0
-3.5125 0 0
-3.4875 0 0
-3.4625 0 0
-3.4375 0 0
-3.4125 0 0
-3.3875 0 0
-3.3625 0 0
-3.3375 0 0
-3.3125 0 0
-3.2875 0 0
-3.2625 0 0
-3.2375 0 0
-3.2125 0 0
-3.1875 0 0
-3.1625 0 0
-3.1375 0 0
-3.1125 0 0
-3.0875 0 0
-3.0625 0 0
-3.0375 0 0
-3.0125 0 0
-2.9875 0 0
-2.9625 0 0
-2.9375 0 0
-2.9125 0 0
-2.8875 0 0
-2.8625 0 0
-2.8375 0 0
-2.8125 0 0
-2.7875 0 0
-2.7625 0 0
-2.7375 0 0
-2.7125 0 0
-2.6875 0 0
-2.6625 0 0
-2.6375 0 0
-2.6125 0 0
-2.5875 0 0
-2.5625 8.19672e-06 7.98918e-06
-2.5375 0 0
-2.5125 0 0
-2.4875 1.63934e-05 1.09971e-05
-2.4625 8.19672e-06 7.98918e-06
-2.4375 4.09836e-05 1.58729e-05
-2.4125 4.91803e-05 2.61782e-05
-2.3875 4.09836e-05 1.9655e-05
-2.3625 9.83607e-05 2.93255e-05
-2.3375 0.000131148 4.11472e-05
-2.3125 0.000229508 5.10571e-05
-2.2875 0.000254098 4.56006e-05
-2.2625 0.000393443 6.28534e-05
-2.2375 0.000483607 4.41026e-05
-2.2125 0.000762295 9.92277e-05
-2.1875 0.000893443 0.000114446
-2.1625 0.00112295 0.00012062
-2.1375 0.00155738 0.000116785
-2.1125 0.00205738 0.000142668
-2.0875 0.00258197 0.000185787
-2.0625 0.00330328 0.00019919
-2.0375 0.00398361 0.000189449
-2.0125 0.00494262 0.000270932
-1.9875 0.00686066 0.000280197
-1.9625 0.00831967 0.000286973
-1.9375 0.0103525 0.000494837
-1.9125 0.0123197 0.000469047
-1.8875 0.0146311 0.000471561
-1.8625 0.0172213 0.00038068
-1.8375 0.0205492 0.000749476
-1.8125 0.0240164 0.000786586
-1.7875 0.0288197 0.000573958
-1.7625 0.0341885 0.000670277
-1.7375 0.0387705 0.000820532
-1.7125 0.0463279 0.000893661
-1.6875 0.0522623 0.00100973
-1.6625 0.0586557 0.00113213
-1.6375 0.0674508 0.00129443
-1.6125 0.0748279 0.0014553
-1.5875 0.0867787 0.00174412
-1.5625 0.0974016 0.00166356
-1.5375 0.107467 0.00207584
-1.5125 0.116443 0.00151956
-1.4875 0.129393 0.0021685
-1.4625 0.145525 0.00207259
-1.4375 0.152066 0.00209555
-1.4125 0.167779 0.00238921
-1.3875 0.182631 0.0024342
-1.3625 0.194475 0.00248808
-1.3375 0.213713 0.00251719
-1.3125 0.221484 0.00311946
-1.2875 0.235623 0.00374582
-1.2625 0.24891 0.00282551
-1.2375 0.262459 0.00323616
-1.2125 0.274582 0.00319913
-1.1875 0.294689 0.00292409
-1.1625 0.304615 0.00388904
-1.1375 0.316885 0.0030945
-1.1125 0.327287 0.00481887
-1.0875 0.333664 0.00387978
-1.0625 0.348262 0.00418144
-1.0375 0.354172 0.00437033
-1.0125 0.362754 0.00356603
-0.9875 0.3655 0.00456418
-0.9625 0.373902 0.00410286
-0.9375 0.37832 0.00429858
-0.9125 0.383582 0.00453507
-0.8875 0.39082 0.00355585
-0.8625 0.393377 0.00452469
-0.8375 0.393795 0.00434751
-0.8125 0.389025 0.00376038
-0.7875 0.395336 0.00378876
-0.7625 0.395246 0.00410531
-0.7375 0.391754 0.00346903
-0.7125 0.388943 0.00319257
-0.6875 0.390721 0.0030658
-0.6625 0.382574 0.00348362
-0.6375 0.386951 0.00355122
-0.6125 0.377607 0.0029112
-0.5875 0.375582 0.00368744
-0.5625 0.372443 0.00257984
-0.5375 0.364721 0.00271703
-0.5125 0.36018 0.00342564
-0.4875 0.358893 0.00336603
-0.4625 0.350025 0.00291387
-0.4375 0.349844 0.00293331
-0.4125 0.342738 0.00264095
-0.3875 0.344525 0.00319675
-0.3625 0.333713 0.00195441
-0.3375 0.327418 0.00291729
-0.3125 0.325615 0.00275051
-0.2875 0.322672 0.00253622
-0.2625 0.316369 0.00296264
-0.2375 0.315123 0.00264387
-0.2125 0.310877 0.00252548
-0.1875 0.310443 0.00253707
-0.1625 0.308967 0.00281068
-0.1375 0.30791 0.00303433
-0.1125 0.30041 0.00169961
-0.0875 0.302287 0.00269769
-0.0625 0.304213 0.00209506
-0.0375 0.299484 0.00273327
-0.0125 0.303721 0.00271996
0.0125 0.302074 0.0029081
0.0375 0.303639 0.00285655
0.0625 0.302254 0.00247429
0.0875 0.303664 0.00163106
0.1125 0.30241 0.00372499
0.1375 0.308426 0.00197224
0.1625 0.309787 0.00274425
0.1875 0.313393 0.00372783
0.2125 0.313959 0.00243149
0.2375 0.318123 0.00237324
0.2625 0.3205 0.00267694
0.2875 0.322623 0.00203358
0.3125 0.328418 0.00263927
0.3375 0.334967 0.00195667
0.3625 0.33318 0.00314968
0.3875 0.337533 0.00328013
0.4125 0.343148 0.00238195
0.4375 0.348779 0.0022941
0.4625 0.353303 0.00372289
0.4875 0.355172 0.00244154
0.5125 0.359238 0.00241324
0.5375 0.363664 0.00270994
0.5625 0.366541 0.00322315
0.5875 0.37027 0.00402085
0.6125 0.377648 0.00289592
0.6375 0.377279 0.00393411
0.6625 0.378451 0.00259124
0.6875 0.385836 0.00326741
0.7125 0.389516 0.00360422
0.7375 0.382541 0.00271658
0.7625 0.39541 0.0041183
0.7875 0.390844 0.00423899
0.8125 0.387533 0.00346118
0.8375 0.385205 0.00326853
0.8625 0.388926 0.00307423
0.8875 0.382844 0.0022207
0.9125 0.376025 0.00408239
0.9375 0.374434 0.00396776
0.9625 0.374967 0.00355148
0.9875 0.360287 0.00440337
1.0125 0.358221 0.00433636
1.0375 0.341385 0.00456735
1.0625 0.339861 0.00450947
1.0875 0.32873 0.00370812
1.1125 0.316869 0.0048931
1.1375 0.304746 0.00420249
1.1625 0.292008 0.00427726
1.1875 0.282951 0.00387614
1.2125 0.270541 0.00296386
1.2375 0.255057 0.00369706
1.2625 0.246549 0.00257005
1.2875 0.231525 0.00335235
1.3125 0.222008 0.00294542
1.3375 0.20591 0.00310656
1.3625 0.193459 0.00265285
1.3875 0.17791 0.00259853
1.4125 0.163975 0.00207339
1.4375 0.153008 0.0020416
1.4625 0.137148 0.00247759
1.4875 0.125033 0.00270872
1.5125 0.116033 0.00159255
1.5375 0.101828 0.00143727
1.5625 0.0939672 0.00138394
1.5875 0.0832787 0.001727
1.6125 0.0730902 0.00159759
1.6375 0.0664754 0.000997814
1.6625 0.0588607 0.00102104
1.6875 0.0498197 0.00117616
1.7125 0.0444262 0.00104379
1.7375 0.0388689 0.000846599
1.7625 0.0336639 0.000876572
1.7875 0.029582 0.000805156
1.8125 0.0239918 0.000730316
1.8375 0.0214836 0.00047392
1.8625 0.017877 0.000529495
1.8875 0.014377 0.000587894
1.9125 0.0121475 0.000444879
1.9375 0.00938525 0.000344823
1.9625 0.0079918 0.00033674
1.9875 0.00644262 0.000270641
2.0125 0.00497541 0.000268691
2.0375 0.00409836 0.000263062
2.0625 0.00340164 0.000227413
2.0875 0.00292623 0.000261853
2.1125 0.00235246 0.000223359
2.1375 0.00157377 0.000178606
2.1625 0.00097541 0.000115032
2.1875 0.000696721 9.04429e-05
2.2125 0.000713115 0.000108293
2.2375 0.000401639 4.70509e-05
2.2625 0.000409836 5.7377e-05
2.2875 0.000303279 6.37819e-05
2.3125 0.000163934 4.77947e-05
2.3375 0.000114754 3.49684e-05
2.3625 0.000114754 3.86204e-05
2.3875 0.000155738 5.24526e-05
2.4125 2.45902e-05 1.30891e-05
2.4375 2.45902e-05 1.74842e-05
2.4625 2.45902e-05 1.74842e-05
2.4875 1.63934e-05 1.59784e-05
2.5125 0 0
2.5375 8.19672e-06 7.98918e-06
2.5625 0 0
2.5875 8.19672e-06 7.98918e-06
2.6125 0 0
2.6375 0 0
2.6625 8.19672e-06 7.98918e-06
2.6875 0 0
2.7125 0 0
2.7375 0 0
2.7625 0 0
2.7875 0 0
2.8125 0 0
2.8375 0 0
2.8625 0 0
2.8875 0 0
2.9125 0 0
2.9375 0 0
2.9625 0 0
2.9875 0 0
3.0125 0 0
3.0375 0 0
3.0625 0 0
3.0875 0 0
3.1125 0 0
3.1375 0 0
3.1625 0 0
3.1875 0 0
3.2125 0 0
3.2375 0 0
3.2625 0 0
3.2875 0 0
3.3125 0 0
3.3375 0 0
3.3625 0 0
3.3875 0 0
3.4125 0 0
3.4375 0 0
3.4625 0 0
3.4875 0 0
3.5125 0 0
3.5375 0 0
3.5625 0 0
3.5875 0 0
3.6125 0 0
3.6375 0 0
3.6625 0 0
3.6875 0 0
3.7125 0 0
3.7375 0 0
3.7625 0 0
3.7875 0 0
3.8125 0 0
3.8375 0 0
3.8625 0 0
3.8875 0 0
3.9125 0 0
3.9375 0 0
3.9625 0 0
3.9875 0 0
4.0125 0 0
4.0375 0 0
4.0625 0 0
4.0875 0 0
4.1125 0 0
4.1375 0 0
4.1625 0 0
4.1875 0 0
4.2125 0 0
4.2375 0 0
4.2625 0 0
4.2875 0 0
4.3125 0 0
4.3375 0 0
4.3625 0 0
4.3875 0 0
4.4125 0 0
4.4375 0 0
4.4625 0 0
4.4875 0 0
4.5125 0 0
4.5375 0 0
4.5625 0 0
4.5875 0 0
4.6125 0 0
4.6375 0 0
4.6625 0 0
4.6875 0 0
4.7125 0 0
4.7375 0 0
4.7625 0 0
4.7875 0 0
4.8125 0 0
4.8375 0 0
4.8625 0 0
4.8875 0 0
4.9125 0 0
4.9375 0 0
4.9625 0 0
4.9875 0 0
