-4.9875 0 0
-4.9625 0 0
-4.9375 0 0
-4.9125 0 0
-4.8875 0 0
-4.8625 0 0
-4.8375 0 0
-4.8125 0 0
-4.7875 0 0
-4.7625 0 0
-4.7375 0 0
-4.7125 0 0
-4.6875 0 0
-4.6625 0 0
-4.6375 0 0
-4.6125 0 0
-4.5875 0 0
-4.5625 0 0
-4.5375 0 0
-4.5125 0 0
-4.4875 0 0
-4.4625 0 0
-4.4375 0 0
-4.4125 0 0
-4.3875 0 0
-4.3625 0 0
-4.3375 0 0
-4.3125 0 0
-4.2875 0 0
-4.2625 0 0
-4.2375 0 0
-4.2125 0 0
-4.1875 0 0
-4.1625 0 0
-4.1375 0 0
-4.1125 0 0
-4.0875 0 0
-4.0625 0 0
-4.0375 0 0
-4.0125 0 0
-3.9875 0 0
-3.9625 0 0
-3.9375 0 0
-3.9125 0 0
-3.8875 0 0
-3.8625 0 0
-3.8375 0 0
-3.8125 0 0
-3.7875 0 0
-3.7625 0 0
-3.7375 0 0
-3.7125 0 0
-3.6875 0 0
-3.6625 0 0
-3.6375 0 0
-3.6125 0 0
-3.5875 0 0
-3.5625 0 0
-3.5375 0 0
-3.5125 0 0
-3.4875 0 0
-3.4625 0 0
-3.4375 0 0
-3.4125 0 0
-3.3875 0 0
-3.3625 0 0
-3.3375 0 0
-3.3125 0 0
-3.2875 0 0
-3.2625 0 0
-3.2375 0 0
-3.2125 0 0
-3.1875 0 0
-3.1625 0 0
-3.1375 0 0
-3.1125 0 0
-3.0875 0 0
-3.0625 0 0
-3.0375 0 0
-3.0125 0 0
-2.9875 0 0
-2.9625 0 0
-2.9375 0 0
-2.9125 0 0
-2.8875 0 0
-2.8625 0 0
-2.8375 0 0
-2.8125 0 0
-2.7875 0 0
-2.7625 0 0
-2.7375 0 0
-2.7125 0 0
-2.6875 0 0
-2.6625 0 0
-2.6375 0 0
-2.6125 0 0
-2.5875 8.19672e-06 7.98918e-06
-2.5625 0 0
-2.5375 8.19672e-06 7.98918e-06
-2.5125 1.63934e-05 1.09971e-05
-2.4875 2.45902e-05 1.74842e-05
-2.4625 2.45902e-05 1.30891e-05
-2.4375 1.63934e-05 1.09971e-05
-2.4125 4.09836e-05 1.58729e-05
-2.3875 4.91803e-05 2.04097e-05
-2.3625 0.000122951 5.16784e-05
-2.3375 0.000155738 3.16928e-05
-2.3125 0.000295082 4.42926e-05
-2.2875 0.000270492 4.67644e-05
-2.2625 0.000385246 5.94192e-05
-2.2375 0.000442623 6.25319e-05
-2.2125 0.000663934 7.0962e-05
-2.1875 0.000967213 0.000101653
-2.1625 0.00122131 9.16238e-05
-2.1375 0.0015082 0.000102114
-2.1125 0.00218033 0.000142962
-2.0875 0.00248361 0.000127128
-2.0625 0.00356557 0.000232959
-2.0375 0.00413115 0.000220734
-2.0125 0.00531967 0.000261133
-1.9875 0.00616393 0.000330603
-1.9625 0.00795082 0.000306803
-1.9375 0.0100738 0.000369212
-1.9125 0.0116475 0.000382441
-1.8875 0.0149426 0.000320674
-1.8625 0.0178115 0.000443574
-1.8375 0.0210574 0.000545002
-1.8125 0.024959 0.000660218
-1.7875 0.028877 0.000575556
-1.7625 0.033959 0.000785541
-1.7375 0.0397377 0.00098786
-1.7125 0.0448689 0.00094181
-1.6875 0.0531557 0.00118538
-1.6625 0.0583033 0.00115433
-1.6375 0.0688115 0.00138672
-1.6125 0.0759508 0.00124951
-1.5875 0.0872541 0.00154954
-1.5625 0.0958607 0.00199246
-1.5375 0.108631 0.00185276
-1.5125 0.119689 0.00160902
-1.4875 0.130738 0.00223776
-1.4625 0.145648 0.00248036
-1.4375 0.156336 0.00237802
-1.4125 0.168852 0.00302318
-1.3875 0.182902 0.00266692
-1.3625 0.195402 0.00278183
-1.3375 0.2125 0.0033868
-1.3125 0.223492 0.00245456
-1.2875 0.240041 0.00288061
-1.2625 0.251016 0.00320049
-1.2375 0.26659 0.00251541
-1.2125 0.280926 0.00247921
-1.1875 0.290656 0.00336034
-1.1625 0.30509 0.00311871
-1.1375 0.316598 0.00309137
-1.1125 0.324115 0.00314878
-1.0875 0.336287 0.00321274
-1.0625 0.345148 0.00331351
-1.0375 0.356828 0.00314161
-1.0125 0.367221 0.00401968
-0.9875 0.372148 0.00356765
-0.9625 0.376934 0.00342135
-0.9375 0.386492 0.00423472
-0.9125 0.387107 0.00348701
-0.8875 0.392475 0.0041669
-0.8625 0.394779 0.00335278
-0.8375 0.396131 0.00418217
-0.8125 0.395082 0.00351703
-0.7875 0.399361 0.00411842
-0.7625 0.395213 0.0036529
-0.7375 0.393451 0.00372352
-0.7125 0.388008 0.00401364
-0.6875 0.387959 0.00354551
-0.6625 0.388295 0.00384838
-0.6375 0.381984 0.00435199
-0.6125 0.380189 0.00344774
-0.5875 0.373566 0.00330794
-0.5625 0.36859 0.00316352
-0.5375 0.369393 0.00353542
-0.5125 0.362803 0.00359979
-0.4875 0.352459 0.00254703
-0.4625 0.352984 0.00278463
-0.4375 0.348869 0.00338763
-0.4125 0.342885 0.00311886
-0.3875 0.338074 0.003296
-0.3625 0.33623 0.00318554
-0.3375 0.329869 0.00269109
-0.3125 0.327098 0.00296391
-0.2875 0.32259 0.00261139
-0.2625 0.318516 0.00230261
-0.2375 0.314861 0.00244357
-0.2125 0.314836 0.00253814
-0.1875 0.311738 0.00238772
-0.1625 0.308951 0.00285089
-0.1375 0.30723 0.0022831
-0.1125 0.306975 0.00203055
-0.0875 0.302369 0.00224819
-0.0625 0.303426 0.00176227
-0.0375 0.300713 0.00213116
-0.0125 0.297861 0.00208749
0.0125 0.300057 0.00278267
0.0375 0.296008 0.00191327
0.0625 0.299779 0.00193451
0.0875 0.299615 0.00195921
0.1125 0.303082 0.00232774
0.1375 0.303197 0.00261442
0.1625 0.304246 0.00219926
0.1875 0.307123 0.0021691
0.2125 0.31273 0.00218262
0.2375 0.312402 0.0024077
0.2625 0.317287 0.00307589
0.2875 0.320082 0.00200237
0.3125 0.324254 0.00200223
0.3375 0.325533 0.0019463
0.3625 0.330869 0.00170086
0.3875 0.336172 0.00269789
0.4125 0.337197 0.00237707
0.4375 0.340689 0.00214615
0.4625 0.34618 0.00177576
0.4875 0.350852 0.00277533
0.5125 0.352721 0.00199362
0.5375 0.357295 0.0027523
0.5625 0.364533 0.00267837
0.5875 0.366762 0.00276201
0.6125 0.372992 0.0034053
0.6375 0.379033 0.00264773
0.6625 0.376713 0.00254551
0.6875 0.383172 0.00332337
0.7125 0.385221 0.0032732
0.7375 0.389467 0.00367359
0.7625 0.38832 0.00288203
0.7875 0.388205 0.00333097
0.8125 0.387295 0.00392354
0.8375 0.385869 0.00339345
0.8625 0.385459 0.00403417
0.8875 0.386861 0.00442799
0.9125 0.385516 0.00435383
0.9375 0.380918 0.00309107
0.9625 0.37323 0.00267931
0.9875 0.363049 0.00290815
1.0125 0.360795 0.00396974
1.0375 0.347852 0.00346509
1.0625 0.341803 0.00469432
1.0875 0.331221 0.00346512
1.1125 0.321738 0.00434348
1.1375 0.30909 0.00307038
1.1625 0.299303 0.0033296
1.1875 0.289672 0.00369897
1.2125 0.27223 0.00388162
1.2375 0.260016 0.00359966
1.2625 0.245279 0.0036426
1.2875 0.232279 0.00328877
1.3125 0.221082 0.00292997
1.3375 0.205795 0.00292909
1.3625 0.190287 0.00304536
1.3875 0.177115 0.00299178
1.4125 0.165582 0.00267177
1.4375 0.150664 0.00264238
1.4625 0.142434 0.00207981
1.4875 0.124918 0.00245089
1.5125 0.112205 0.00241881
1.5375 0.103033 0.0017084
1.5625 0.0933197 0.00173317
1.5875 0.084377 0.00144705
1.6125 0.0753852 0.00164774
1.6375 0.0643934 0.00148709
1.6625 0.0578443 0.00134278
1.6875 0.0506885 0.00116091
1.7125 0.0424098 0.000904994
1.7375 0.0384344 0.00106686
1.7625 0.0322787 0.000757911
1.7875 0.0273361 0.000777166
1.8125 0.0235574 0.000629506
1.8375 0.0193115 0.000374295
1.8625 0.0167541 0.000605404
1.8875 0.0135656 0.000367095
1.9125 0.0115656 0.000410242
1.9375 0.00936885 0.000269191
1.9625 0.00754098 0.000255285
1.9875 0.00603279 0.000198625
2.0125 0.0047623 0.000200937
2.0375 0.00439344 0.000197607
2.0625 0.00312295 0.000177502
2.0875 0.00235246 0.000173211
2.1125 0.00192623 0.000161405
2.1375 0.00165574 0.000114696
2.1625 0.00128689 0.000113147
2.1875 0.000844262 0.000106415
2.2125 0.000713115 8.05409e-05
2.2375 0.000442623 6.86766e-05
2.2625 0.000327869 6.13386e-05
2.2875 0.000385246 6.27196e-05
2.3125 0.000131148 3.39942e-05
2.3375 0.000188525 3.89236e-05
2.3625 0.000155738 3.75174e-05
2.3875 9.01639e-05 2.94968e-05
2.4125 8.19672e-05 2.45902e-05
2.4375 1.63934e-05 1.09971e-05
2.4625 1.63934e-05 1.09971e-05
2.4875 0 0
2.5125 4.91803e-05 2.04097e-05
2.5375 0 0
2.5625 1.63934e-05 1.09971e-05
2.5875 0 0
2.6125 1.63934e-05 1.09971e-05
2.6375 0 0
2.6625 0 0
2.6875 0 0
2.7125 0 0
2.7375 0 0
2.7625 0 0
2.7875 0 0
2.8125 0 0
2.8375 0 0
2.8625 0 0
2.8875 0 0
2.9125 0 0
2.9375 0 0
2.9625 0 0
2.9875 0 0
3.0125 0 0
3.0375 0 0
3.0625 0 0
3.0875 0 0
3.1125 0 0
3.1375 0 0
3.1625 0 0
3.1875 0 0
3.2125 0 0
3.2375 0 0
3.2625 0 0
3.2875 0 0
3.3125 0 0
3.3375 0 0
3.3625 0 0
3.3875 0 0
3.4125 0 0
3.4375 0 0
3.4625 0 0
3.4875 0 0
3.5125 0 0
3.5375 0 0
3.5625 0 0
3.5875 0 0
3.6125 0 0
3.6375 0 0
3.6625 0 0
3.6875 0 0
3.7125 0 0
3.7375 0 0
3.7625 0 0
3.7875 0 0
3.8125 0 0
3.8375 0 0
3.8625 0 0
3.8875 0 0
3.9125 0 0
3.9375 0 0
3.9625 0 0
3.9875 0 0
4.0125 0 0
4.0375 0 0
4.0625 0 0
4.0875 0 0
4.1125 0 0
4.1375 0 0
4.1625 0 0
4.1875 0 0
4.2125 0 0
4.2375 0 0
4.2625 0 0
4.2875 0 0
4.3125 0 0
4.3375 0 0
4.3625 0 0
4.3875 0 0
4.4125 0 0
4.4375 0 0
4.4625 0 0
4.4875 0 0
4.5125 0 0
4.5375 0 0
4.5625 0 0
4.5875 0 0
4.6125 0 0
4.6375 0 0
4.6625 0 0
4.6875 0 0
4.7125 0 0
4.7375 0 0
4.7625 0 0
4.7875 0 0
4.8125 0 0
4.8375 0 0
4.8625 0 0
4.8875 0 0
4.9125 0 0
4.9375 0 0
4.9625 0 0
4.9875 0 0
