1 77.7356 77.7356 0
2 79.1359 78.4357 0.495076
3 79.764 78.8785 0.489515
4 79.4739 79.0273 0.389108
5 78.7532 78.9725 0.315126
6 78.538 78.9001 0.270796
7 79.0968 78.9282 0.233565
8 78.5429 78.88 0.209276
9 80.0491 79.0099 0.22272
10 79.8249 79.0914 0.214842
11 81.516 79.3118 0.286899
12 78.2709 79.2251 0.275792
13 81.3775 79.3907 0.300192
14 81.7975 79.5626 0.32426
15 79.7363 79.5742 0.302849
16 77.907 79.47 0.301313
17 80.403 79.5249 0.288544
18 79.4084 79.5184 0.272586
19 78.7994 79.4805 0.260852
20 78.9203 79.4525 0.249309
1 68.6041 68.6041 0
2 67.3961 68.0001 0.427083
3 71.0704 69.0235 0.882813
4 70.7806 69.4628 0.763612
5 70.0319 69.5766 0.619314
6 68.7708 69.4423 0.530458
7 67.9257 69.2256 0.496959
8 70.1344 69.3392 0.447632
9 70.2381 69.4391 0.408884
10 67.813 69.2765 0.399022
11 70.4202 69.3805 0.376049
12 69.0124 69.3498 0.34596
13 70.4676 69.4358 0.329859
14 71.6858 69.5965 0.343224
15 71.1908 69.7028 0.336397
16 67.6784 69.5763 0.33833
17 68.7362 69.5268 0.322017
18 69.693 69.5361 0.30426
19 68.8865 69.5019 0.29016
20 69.8047 69.517 0.276047
1 57.8009 57.8009 0
2 57.0671 57.434 0.259441
3 58.2494 57.7058 0.281354
4 63.5829 59.1751 1.2898
5 60.4881 59.4377 1.05824
6 59.8568 59.5075 0.884168
7 58.8584 59.4148 0.762705
8 59.5843 59.436 0.667661
9 60.3626 59.539 0.601362
10 59.0557 59.4906 0.543164
11 61.5643 59.6791 0.525481
12 60.7357 59.7672 0.489011
13 59.2742 59.7293 0.452863
14 62.5031 59.9274 0.461828
15 61.7651 60.0499 0.446995
16 59.6944 60.0277 0.41961
17 61.0844 60.0899 0.399504
18 62.0881 60.2009 0.392431
19 62.7251 60.3337 0.393624
20 60.4613 60.3401 0.373994
1 49.1585 49.1585 0
2 52.2144 50.6864 1.08041
3 51.785 51.0526 0.77987
4 52.3841 51.3855 0.652079
5 52.8995 51.6883 0.587774
6 50.7448 51.531 0.510414
7 51.3441 51.5043 0.438196
8 51.9499 51.56 0.386945
9 51.8548 51.5928 0.345335
10 49.9522 51.4287 0.347595
11 52.8719 51.5599 0.339854
12 51.7903 51.5791 0.312074
13 52.6665 51.6628 0.299069
14 52.65 51.7333 0.285899
15 54.3118 51.9052 0.314296
16 50.956 51.8459 0.300198
17 53.0144 51.9146 0.290302
18 51.9459 51.9163 0.274179
19 53.6566 52.0079 0.274622
20 52.2642 52.0207 0.26119
1 42.9839 42.9839 0
2 44.7966 43.8902 0.640906
3 43.2589 43.6798 0.460524
4 44.6856 43.9313 0.408312
5 44.0814 43.9613 0.327752
6 43.1171 43.8206 0.301821
7 43.1564 43.7257 0.273212
8 45.1974 43.9097 0.294557
9 43.2566 43.8371 0.270619
10 43.5145 43.8048 0.245472
11 46.5284 44.0524 0.324853
12 45.3422 44.1599 0.315061
13 46.1456 44.3127 0.325755
14 43.7654 44.2736 0.304823
15 46.2872 44.4078 0.312666
16 45.7569 44.4921 0.304281
17 44.6014 44.4986 0.286449
18 44.7697 44.5136 0.270931
19 44.1382 44.4939 0.257391
20 44.4949 44.4939 0.244522
1 23.6535 23.6535 0
2 25.2064 24.43 0.549018
3 23.9834 24.2811 0.385666
4 25.2013 24.5112 0.351227
5 24.9685 24.6026 0.292651
6 25.1276 24.6901 0.256621
7 25.1452 24.7551 0.228048
8 24.417 24.7129 0.20342
9 25.0023 24.745 0.183343
10 24.7458 24.7451 0.165009
11 24.411 24.7147 0.152779
12 24.3711 24.6861 0.142706
13 25.0345 24.7129 0.134222
14 24.1539 24.673 0.130438
15 25.6052 24.7351 0.135743
16 24.6781 24.7316 0.127306
17 25.3528 24.7681 0.124952
18 23.8599 24.7177 0.127793
19 24.4009 24.701 0.12215
20 24.927 24.7123 0.116564
1 15.5569 15.5569 0
2 15.4177 15.4873 0.0491899
3 15.0069 15.3272 0.134795
4 15.6487 15.4076 0.122739
5 14.1554 15.1571 0.244565
6 15.2138 15.1666 0.203986
7 15.098 15.1568 0.175081
8 15.0176 15.1394 0.154058
9 14.9112 15.114 0.139011
10 15.4687 15.1495 0.129555
11 15.1088 15.1458 0.117831
12 14.9199 15.127 0.109505
13 15.3504 15.1441 0.102422
14 15.0209 15.1353 0.0954836
15 15.1193 15.1343 0.089124
16 15.3407 15.1472 0.0844822
17 16.2126 15.2099 0.100095
18 14.653 15.1789 0.0991998
19 15.0844 15.1739 0.0941035
20 15.8489 15.2077 0.0952574
1 10.3422 10.3422 0
2 10.358 10.3501 0.00558834
3 10.3493 10.3499 0.00373241
4 10.5176 10.3918 0.0364208
5 9.9304 10.2995 0.0875295
6 10.227 10.2874 0.0737721
7 10.0993 10.2606 0.0679518
8 10.3026 10.2658 0.0596612
9 10.1654 10.2547 0.054066
10 10.391 10.2683 0.0503502
11 10.1639 10.2588 0.0466583
12 10.2936 10.2617 0.0428603
13 10.6032 10.288 0.0469266
14 10.0052 10.2678 0.0477249
15 10.2585 10.2672 0.0445473
16 10.2421 10.2656 0.0417905
17 10.6745 10.2896 0.0457346
18 10.4937 10.301 0.0445772
19 10.2028 10.2958 0.0425297
20 10.2243 10.2922 0.0405531
1 7.53336 7.53336 0
2 7.4138 7.47358 0.04227
3 7.47746 7.47487 0.0281998
4 7.48024 7.47622 0.0211818
5 7.27869 7.43671 0.0391885
6 7.56453 7.45801 0.0380086
7 7.47259 7.4601 0.0326358
8 7.25777 7.4348 0.037083
9 7.3722 7.42785 0.0336087
10 7.31631 7.41669 0.0320454
11 7.45167 7.41987 0.0292895
12 7.36481 7.41529 0.0272057
13 7.30211 7.40658 0.0264692
14 7.45573 7.41009 0.0248103
15 7.5065 7.41652 0.0239744
16 7.39167 7.41496 0.0225262
17 7.44543 7.41676 0.0212723
18 7.40508 7.41611 0.0201004
19 7.30569 7.4103 0.0198649
20 7.39856 7.40971 0.0188803
1 3.98705 3.98705 0
2 4.01799 4.00252 0.0109415
3 3.94191 3.98232 0.0180371
4 3.9825 3.98236 0.0135279
5 3.99262 3.98441 0.0109767
6 4.00674 3.98813 0.0097573
7 3.94156 3.98148 0.0103867
8 3.96532 3.97946 0.00928275
9 3.98377 3.97994 0.00826364
10 3.95243 3.97719 0.00788184
11 4.04477 3.98333 0.00925522
12 4.0507 3.98895 0.0100432
13 3.95555 3.98638 0.0095936
14 3.95457 3.98411 0.00917339
15 3.94837 3.98172 0.00886586
16 3.93544 3.97883 0.0087709
17 3.9661 3.97808 0.00828688
18 3.98937 3.97871 0.00785018
19 3.88913 3.97399 0.00873882
20 3.98143 3.97437 0.00830979
1 2.51073 2.51073 0
2 2.54421 2.52747 0.0118356
3 2.50723 2.52073 0.00962293
4 2.55076 2.52824 0.00971483
5 2.52095 2.52678 0.00788054
6 2.53896 2.52881 0.0068236
7 2.50685 2.52567 0.00653014
8 2.5884 2.53351 0.00929755
9 2.54464 2.53475 0.0083463
10 2.54511 2.53578 0.00757566
11 2.54494 2.53662 0.00693252
12 2.50285 2.5338 0.00690235
13 2.54276 2.53449 0.00640569
14 2.50875 2.53265 0.00620645
15 2.5108 2.5312 0.0059612
16 2.51711 2.53032 0.00565327
17 2.51858 2.52962 0.00536274
18 2.52883 2.52958 0.00506499
19 2.52882 2.52954 0.00479857
20 2.54645 2.53039 0.00463257
1 1.79208 1.79208 0
2 1.78509 1.78859 0.00246994
3 1.79859 1.79192 0.00318207
4 1.79959 1.79384 0.00290699
5 1.79592 1.79426 0.00235534
6 1.80205 1.79556 0.00229338
7 1.8193 1.79895 0.00370542
8 1.77592 1.79607 0.00421439
9 1.79994 1.7965 0.00376803
10 1.78857 1.79571 0.00347369
11 1.78687 1.7949 0.00324949
12 1.80745 1.79595 0.00314231
13 1.79961 1.79623 0.00291322
14 1.79707 1.79629 0.00270575
15 1.79242 1.79603 0.00253764
16 1.7933 1.79586 0.00238477
17 1.79562 1.79585 0.00224453
18 1.78884 1.79546 0.00215331
19 1.78147 1.79472 0.00216224
20 1.80919 1.79545 0.00217176
1 1.35436 1.35436 0
2 1.34778 1.35107 0.00232553
3 1.36968 1.35728 0.00529634
4 1.36641 1.35956 0.00443748
5 1.34909 1.35747 0.0040138
6 1.35466 1.357 0.00337195
7 1.37147 1.35907 0.0034664
8 1.35813 1.35895 0.00303507
9 1.36472 1.35959 0.00276469
10 1.35623 1.35925 0.00250856
11 1.36625 1.35989 0.00235976
12 1.33993 1.35823 0.00268607
13 1.34279 1.35704 0.00272942
14 1.35069 1.35659 0.0025718
15 1.36705 1.35728 0.00249313
16 1.36614 1.35784 0.00239794
17 1.3627 1.35812 0.0022739
18 1.35891 1.35817 0.00214799
19 1.35629 1.35807 0.00203721
20 1.36037 1.35818 0.0019386
