1 -0.965648 -0.965648 0
2 -0.974234 -0.969941 0.00303575
3 -0.972534 -0.970806 0.00214337
4 -0.973789 -0.971551 0.00173243
5 -0.975414 -0.972324 0.00154867
6 -0.9713 -0.972153 0.00129992
7 -0.972961 -0.972269 0.00111933
8 -0.97821 -0.973011 0.0012008
9 -0.971532 -0.972847 0.00107857
10 -0.974169 -0.972979 0.000978778
11 -0.977412 -0.973382 0.000969212
12 -0.976874 -0.973673 0.000931091
13 -0.971662 -0.973518 0.000872231
14 -0.973323 -0.973504 0.000810041
15 -0.973848 -0.973527 0.000756362
16 -0.974003 -0.973557 0.000709673
17 -0.974386 -0.973606 0.000669603
18 -0.974922 -0.973679 0.000636379
19 -0.977198 -0.973864 0.000629267
20 -0.976212 -0.973982 0.000608654
1 -0.957259 -0.957259 0
2 -0.964206 -0.960733 0.00245621
3 -0.96287 -0.961445 0.00173768
4 -0.965493 -0.962457 0.00157051
5 -0.967941 -0.963554 0.00159401
6 -0.962682 -0.963409 0.00133494
7 -0.96348 -0.963419 0.00114427
8 -0.965692 -0.963703 0.00103592
9 -0.962765 -0.963599 0.000926047
10 -0.966475 -0.963886 0.000876981
11 -0.970089 -0.96445 0.000961589
12 -0.968277 -0.964769 0.000932834
13 -0.96335 -0.96466 0.000867437
14 -0.964662 -0.96466 0.000805477
15 -0.966646 -0.964792 0.000762578
16 -0.964819 -0.964794 0.000714919
17 -0.96523 -0.96482 0.000673325
18 -0.964938 -0.964826 0.00063595
19 -0.968158 -0.965002 0.000626193
20 -0.967296 -0.965116 0.000605299
1 -0.94988 -0.94988 0
2 -0.955706 -0.952793 0.00205966
3 -0.955994 -0.95386 0.00162625
4 -0.958086 -0.954917 0.00152478
5 -0.954552 -0.954844 0.00122156
6 -0.953849 -0.954678 0.00102916
7 -0.957276 -0.955049 0.000946705
8 -0.95663 -0.955247 0.000848733
9 -0.951081 -0.954784 0.000871552
10 -0.957322 -0.955038 0.000820516
11 -0.959098 -0.955407 0.000824802
12 -0.958588 -0.955672 0.000797537
13 -0.956627 -0.955745 0.000739567
14 -0.956017 -0.955765 0.000686995
15 -0.955305 -0.955734 0.000641879
16 -0.956128 -0.955759 0.000602234
17 -0.956455 -0.9558 0.0005682
18 -0.952993 -0.955644 0.00055762
19 -0.958446 -0.955791 0.000547425
20 -0.95641 -0.955822 0.000520926
1 -0.940598 -0.940598 0
2 -0.946111 -0.943354 0.00194935
3 -0.946106 -0.944271 0.00149985
4 -0.947686 -0.945125 0.00134602
5 -0.946421 -0.945384 0.00110148
6 -0.942705 -0.944938 0.00100435
7 -0.947755 -0.94534 0.000938069
8 -0.947924 -0.945663 0.000874648
9 -0.943722 -0.945447 0.000803628
10 -0.946362 -0.945539 0.000728446
11 -0.946964 -0.945668 0.000673648
12 -0.94784 -0.945849 0.000641358
13 -0.945486 -0.945821 0.00059263
14 -0.94511 -0.945771 0.000552471
15 -0.946126 -0.945794 0.000516149
16 -0.944814 -0.945733 0.000487515
17 -0.942121 -0.945521 0.000503017
18 -0.946455 -0.945572 0.000477744
19 -0.946733 -0.945634 0.000456486
20 -0.949467 -0.945825 0.000472195
1 -0.931266 -0.931266 0
2 -0.935602 -0.933434 0.00153329
3 -0.936156 -0.934341 0.00126242
4 -0.93607 -0.934773 0.00101807
5 -0.935668 -0.934952 0.000830033
6 -0.93385 -0.934769 0.000711722
7 -0.935846 -0.934923 0.000626479
8 -0.93547 -0.934991 0.000551898
9 -0.934054 -0.934887 0.000500293
10 -0.936963 -0.935095 0.000491459
11 -0.937338 -0.935299 0.000487249
12 -0.937918 -0.935517 0.000493136
13 -0.935554 -0.93552 0.000455211
14 -0.935222 -0.935498 0.000423191
15 -0.932241 -0.935281 0.000447246
16 -0.93658 -0.935362 0.000426595
17 -0.931942 -0.935161 0.000446426
18 -0.936088 -0.935213 0.000424583
19 -0.936215 -0.935266 0.000405501
20 -0.938261 -0.935415 0.000411955
1 -0.891198 -0.891198 0
2 -0.891487 -0.891343 0.000102106
3 -0.890782 -0.891156 0.000167221
4 -0.892442 -0.891477 0.000305344
5 -0.89372 -0.891926 0.000469718
6 -0.892459 -0.892015 0.000399757
7 -0.891401 -0.891927 0.000352137
8 -0.891456 -0.891868 0.000313002
9 -0.889606 -0.891617 0.00036549
10 -0.891094 -0.891564 0.000332652
11 -0.890778 -0.891493 0.000309992
12 -0.894634 -0.891755 0.0003789
13 -0.892845 -0.891839 0.000358911
14 -0.893597 -0.891964 0.000354565
15 -0.891426 -0.891928 0.000332741
16 -0.892858 -0.891986 0.000316973
17 -0.893513 -0.892076 0.000310785
18 -0.893885 -0.892177 0.000309335
19 -0.891942 -0.892164 0.000293302
20 -0.893746 -0.892243 0.000289108
1 -0.847274 -0.847274 0
2 -0.848474 -0.847874 0.000423981
3 -0.847298 -0.847682 0.00032327
4 -0.849122 -0.848042 0.000394902
5 -0.848854 -0.848204 0.000347759
6 -0.848614 -0.848273 0.000296439
7 -0.846778 -0.848059 0.000321901
8 -0.847848 -0.848033 0.000282744
9 -0.84695 -0.847913 0.000275722
10 -0.85003 -0.848124 0.000319243
11 -0.84725 -0.848045 0.00029996
12 -0.849213 -0.848142 0.000290327
13 -0.849391 -0.848238 0.00028345
14 -0.847999 -0.848221 0.000263717
15 -0.848275 -0.848225 0.00024616
16 -0.848026 -0.848212 0.000231089
17 -0.849733 -0.848302 0.000234167
18 -0.850772 -0.848439 0.000258261
19 -0.849224 -0.84848 0.000247952
20 -0.849528 -0.848533 0.000241025
1 -0.804625 -0.804625 0
2 -0.804298 -0.804462 0.0001154
3 -0.805735 -0.804886 0.000355065
4 -0.804067 -0.804681 0.000319925
5 -0.803998 -0.804545 0.000283607
6 -0.803866 -0.804432 0.000257943
7 -0.805048 -0.80452 0.000235646
8 -0.804966 -0.804575 0.000212681
9 -0.804254 -0.80454 0.000192017
10 -0.804831 -0.804569 0.000175014
11 -0.804941 -0.804603 0.000162336
12 -0.804921 -0.804629 0.000150957
13 -0.803922 -0.804575 0.000148835
14 -0.804654 -0.80458 0.00013831
15 -0.803041 -0.804478 0.000162778
16 -0.805681 -0.804553 0.000169081
17 -0.804842 -0.80457 0.00015999
18 -0.806706 -0.804689 0.000190096
19 -0.805344 -0.804723 0.000183193
20 -0.803293 -0.804652 0.000187475
1 -0.761901 -0.761901 0
2 -0.760841 -0.761371 0.000374767
3 -0.762671 -0.761804 0.000433226
4 -0.761282 -0.761674 0.000344061
5 -0.762154 -0.76177 0.000288373
6 -0.761603 -0.761742 0.000241644
7 -0.762274 -0.761818 0.000218765
8 -0.761723 -0.761806 0.000191741
9 -0.761275 -0.761747 0.000179284
10 -0.761123 -0.761685 0.000171872
11 -0.761119 -0.761633 0.000163758
12 -0.762096 -0.761672 0.000154583
13 -0.761768 -0.761679 0.000142868
14 -0.760686 -0.761608 0.000149233
15 -0.760827 -0.761556 0.000148093
16 -0.762086 -0.761589 0.000142495
17 -0.762477 -0.761642 0.000143354
18 -0.762122 -0.761668 0.000137848
19 -0.763377 -0.761758 0.000157209
20 -0.761362 -0.761738 0.000150594
1 -0.666222 -0.666222 0
2 -0.664039 -0.665131 0.000771878
3 -0.664566 -0.664942 0.000537086
4 -0.665462 -0.665072 0.000418205
5 -0.664413 -0.66494 0.000354749
6 -0.664651 -0.664892 0.000298879
7 -0.662724 -0.664582 0.000384524
8 -0.664648 -0.664591 0.000336546
9 -0.663361 -0.664454 0.000325713
10 -0.664378 -0.664446 0.000293231
11 -0.664588 -0.664459 0.000266857
12 -0.665042 -0.664508 0.000249005
13 -0.6638 -0.664453 0.000235728
14 -0.663106 -0.664357 0.000237736
15 -0.662741 -0.664249 0.000245093
16 -0.664517 -0.664266 0.000230344
17 -0.664543 -0.664282 0.00021737
18 -0.663763 -0.664254 0.000207199
19 -0.663735 -0.664226 0.000198081
20 -0.664582 -0.664244 0.000188972
1 -0.583187 -0.583187 0
2 -0.582488 -0.582838 0.000247205
3 -0.582069 -0.582581 0.000266349
4 -0.582334 -0.582519 0.000206837
5 -0.583788 -0.582773 0.000280855
6 -0.582849 -0.582786 0.000234329
7 -0.581903 -0.58266 0.000232307
8 -0.582849 -0.582683 0.000204468
9 -0.582614 -0.582676 0.000181896
10 -0.58373 -0.582781 0.00019187
11 -0.58323 -0.582822 0.000178723
12 -0.583034 -0.58284 0.000164698
13 -0.583148 -0.582863 0.000153729
14 -0.582276 -0.582821 0.000148361
15 -0.581779 -0.582752 0.000153879
16 -0.58261 -0.582743 0.000144515
17 -0.582781 -0.582745 0.000136032
18 -0.582655 -0.58274 0.000128566
19 -0.58323 -0.582766 0.000124353
20 -0.583518 -0.582804 0.000123695
1 -0.516478 -0.516478 0
2 -0.515618 -0.516048 0.000304339
3 -0.515988 -0.516028 0.000203549
4 -0.51643 -0.516129 0.000175772
5 -0.516738 -0.516251 0.000177968
6 -0.516084 -0.516223 0.000150456
7 -0.516342 -0.51624 0.000129929
8 -0.516728 -0.516301 0.00012721
9 -0.515881 -0.516254 0.000121337
10 -0.516294 -0.516258 0.00010927
11 -0.516722 -0.5163 0.000107149
12 -0.51633 -0.516303 9.82473e-05
13 -0.516917 -0.51635 0.000101409
14 -0.517118 -0.516405 0.000107974
15 -0.514742 -0.516294 0.000147038
16 -0.516886 -0.516331 0.000142421
17 -0.517008 -0.516371 0.0001395
18 -0.516617 -0.516384 0.000132418
19 -0.516392 -0.516385 0.000125449
20 -0.517752 -0.516453 0.000136535
1 -0.461815 -0.461815 0
2 -0.461828 -0.461822 4.52548e-06
3 -0.462289 -0.461977 0.000127192
4 -0.462213 -0.462036 0.000108161
5 -0.462166 -0.462062 8.95719e-05
6 -0.461713 -0.462004 9.16275e-05
7 -0.462202 -0.462032 8.27776e-05
8 -0.462283 -0.462063 7.81543e-05
9 -0.462113 -0.462069 6.96622e-05
10 -0.462138 -0.462076 6.30331e-05
11 -0.462066 -0.462075 5.73086e-05
12 -0.461858 -0.462057 5.5302e-05
13 -0.462798 -0.462114 7.48484e-05
14 -0.46233 -0.462129 7.107e-05
15 -0.461653 -0.462098 7.30879e-05
16 -0.462432 -0.462118 7.14466e-05
17 -0.4623 -0.462129 6.80373e-05
18 -0.46221 -0.462134 6.44042e-05
19 -0.4616 -0.462106 6.68579e-05
20 -0.463665 -0.462183 9.90386e-05
