1 0.872578 0.872578 0
2 0.887549 0.880064 0.00529298
3 0.907728 0.889285 0.008315
4 0.916266 0.89603 0.00854479
5 0.911829 0.89919 0.007397
6 0.880347 0.896049 0.00679821
7 0.893822 0.895731 0.00583448
8 0.899413 0.896191 0.00512329
9 0.88502 0.89495 0.00470201
10 0.884202 0.893875 0.00435291
11 0.887349 0.893282 0.00399742
12 0.920772 0.895573 0.00427054
13 0.883397 0.894636 0.00404344
14 0.889721 0.894285 0.00376983
15 0.902985 0.894865 0.00356285
16 0.85764 0.892539 0.00402883
17 0.899872 0.89297 0.00381487
18 0.9134 0.894105 0.00376799
19 0.939054 0.896471 0.00424792
20 0.805926 0.891943 0.00597966
1 0.846921 0.846921 0
2 0.848759 0.84784 0.000649831
3 0.851184 0.848955 0.00100792
4 0.782076 0.832235 0.0144993
5 0.858164 0.837421 0.0124924
6 0.827472 0.835763 0.0105198
7 0.851874 0.838064 0.00926533
8 0.833517 0.837496 0.00812458
9 0.85704 0.839668 0.00750647
10 0.847169 0.840418 0.00679319
11 0.856364 0.841867 0.00632842
12 0.867198 0.843978 0.00614302
13 0.861826 0.845351 0.00582188
14 0.875513 0.847506 0.00579096
15 0.844492 0.847305 0.00540838
16 0.809942 0.84497 0.00555163
17 0.833219 0.844278 0.00526792
18 0.871698 0.845802 0.00519084
19 0.873469 0.847258 0.00511782
20 0.785248 0.844157 0.00572457
1 0.792964 0.792964 0
2 0.81567 0.804317 0.00802778
3 0.79891 0.802515 0.00555043
4 0.734856 0.7856 0.0152284
5 0.799076 0.788295 0.012419
6 0.794314 0.789298 0.0103896
7 0.801724 0.791073 0.00905573
8 0.766097 0.787951 0.00844482
9 0.787462 0.787897 0.00750668
10 0.791625 0.78827 0.00676526
11 0.803597 0.789663 0.0062921
12 0.817346 0.79197 0.00617619
13 0.786602 0.791557 0.00571489
14 0.841234 0.795105 0.00631285
15 0.8101 0.796105 0.00597062
16 0.755149 0.793545 0.00612163
17 0.753651 0.791199 0.00619504
18 0.804618 0.791944 0.00589556
19 0.817558 0.793292 0.00573733
20 0.77092 0.792174 0.00555844
1 0.711824 0.711824 0
2 0.747623 0.729724 0.0126569
3 0.730006 0.729818 0.0084383
4 0.686545 0.719 0.0113061
5 0.751316 0.725463 0.0107344
6 0.741634 0.728158 0.00927755
7 0.744684 0.730519 0.00824711
8 0.771133 0.735596 0.00863859
9 0.757244 0.738001 0.00800664
10 0.725062 0.736707 0.00730978
11 0.763115 0.739108 0.00702844
12 0.766466 0.741388 0.00680244
13 0.737799 0.741112 0.00628477
14 0.755296 0.742125 0.00591697
15 0.759852 0.743307 0.0056393
16 0.699903 0.740594 0.00590336
17 0.703174 0.738393 0.00595234
18 0.714936 0.73709 0.00576254
19 0.729542 0.736692 0.00547293
20 0.696338 0.734675 0.0055588
1 0.582524 0.582524 0
2 0.710709 0.646616 0.0453203
3 0.655136 0.649456 0.0303024
4 0.644208 0.648144 0.0227552
5 0.681526 0.654821 0.0191586
6 0.65992 0.655671 0.0159843
7 0.686414 0.660062 0.0142915
8 0.71466 0.666887 0.0140403
9 0.67472 0.667757 0.0125072
10 0.68808 0.66979 0.0114204
11 0.70862 0.67332 0.0109142
12 0.70267 0.675766 0.010275
13 0.640599 0.673061 0.0098343
14 0.654002 0.671699 0.00922559
15 0.715362 0.67461 0.00905814
16 0.640535 0.67248 0.00873878
17 0.652143 0.671284 0.00830622
18 0.619294 0.668396 0.00833182
19 0.684683 0.669253 0.00793728
20 0.668453 0.669213 0.00754052
1 0.479438 0.479438 0
2 0.442514 0.460976 0.0130545
3 0.415382 0.445778 0.0151567
4 0.445733 0.445767 0.0113676
5 0.446163 0.445846 0.00909432
6 0.42423 0.442243 0.00826141
7 0.429966 0.44049 0.00726499
8 0.487494 0.446365 0.0084034
9 0.44285 0.445975 0.00747876
10 0.424885 0.443866 0.00702195
11 0.482322 0.447362 0.0072015
12 0.451074 0.447671 0.00660802
13 0.461919 0.448767 0.00618993
14 0.438023 0.448 0.00579517
15 0.453669 0.448377 0.00542114
16 0.452694 0.448647 0.00508902
17 0.434365 0.447807 0.00485852
18 0.433634 0.44702 0.00465197
19 0.458847 0.447642 0.00444858
20 0.470208 0.448771 0.0043669
1 0.299945 0.299945 0
2 0.270644 0.285294 0.0103597
3 0.266698 0.279095 0.00856253
4 0.300559 0.284461 0.00792685
5 0.288736 0.285316 0.00638742
6 0.268751 0.282555 0.00588939
7 0.301326 0.285237 0.00562551
8 0.322124 0.289848 0.00654465
9 0.26282 0.286845 0.0064699
10 0.291241 0.287284 0.00583783
11 0.297658 0.288227 0.00538275
12 0.289875 0.288365 0.00493594
13 0.306559 0.289764 0.00475053
14 0.286032 0.289498 0.00441868
15 0.285859 0.289255 0.00413076
16 0.291519 0.289397 0.00387501
17 0.313666 0.290824 0.0039012
18 0.300371 0.291355 0.00372034
19 0.287153 0.291133 0.0035311
20 0.313957 0.292275 0.00353414
1 0.197819 0.197819 0
2 0.196298 0.197058 0.000537825
3 0.205769 0.199962 0.00239769
4 0.203006 0.200723 0.00191522
5 0.193925 0.199363 0.0019561
6 0.205547 0.200394 0.00188213
7 0.198304 0.200095 0.00163676
8 0.205254 0.20074 0.00155401
9 0.189128 0.19945 0.00184058
10 0.197102 0.199215 0.00167144
11 0.214376 0.200593 0.0020089
12 0.203461 0.200832 0.00185565
13 0.204013 0.201077 0.00172897
14 0.207363 0.201526 0.00166275
15 0.189464 0.200722 0.0017355
16 0.201586 0.200776 0.00162787
17 0.191584 0.200235 0.00161942
18 0.198001 0.200111 0.0015342
19 0.189344 0.199544 0.00155458
20 0.220525 0.200593 0.00179625
1 0.139567 0.139567 0
2 0.142066 0.140817 0.000883742
3 0.147335 0.142989 0.00186941
4 0.149726 0.144674 0.00202318
5 0.146622 0.145063 0.00165565
6 0.138023 0.14389 0.00174673
7 0.143031 0.143767 0.0015015
8 0.139836 0.143276 0.00139192
9 0.146034 0.143582 0.00127055
10 0.142726 0.143497 0.00114638
11 0.16695 0.145629 0.00228444
12 0.154739 0.146388 0.00221664
13 0.148505 0.146551 0.0020521
14 0.144985 0.146439 0.00190857
15 0.136421 0.145771 0.00189458
16 0.15595 0.146407 0.00187995
17 0.15203 0.146738 0.00179823
18 0.15043 0.146943 0.00170999
19 0.136231 0.146379 0.00171042
20 0.156527 0.146887 0.00169848
1 0.0752752 0.0752752 0
2 0.0768232 0.0760492 0.000547301
3 0.0707604 0.0742863 0.00148495
4 0.0786504 0.0753773 0.00146052
5 0.077908 0.0758834 0.00125305
6 0.07462 0.0756729 0.00106176
7 0.0809324 0.0764242 0.00114549
8 0.0817676 0.0770921 0.00118108
9 0.0828236 0.077729 0.00120941
10 0.0810244 0.0780585 0.00113248
11 0.0822012 0.0784351 0.00109035
12 0.0841632 0.0789125 0.00109902
13 0.088318 0.079636 0.00122978
14 0.0826352 0.0798502 0.00116045
15 0.0766096 0.0796342 0.00110301
16 0.0837492 0.0798913 0.00106363
17 0.0809184 0.0799518 0.00100278
18 0.0831156 0.0801275 0.000962353
19 0.079332 0.0800857 0.000912613
20 0.0755912 0.0798609 0.000894223
1 0.0499732 0.0499732 0
2 0.0498696 0.0499214 3.66281e-05
3 0.0502956 0.0500461 0.000104731
4 0.050496 0.0501586 0.000125125
5 0.0559696 0.0513208 0.00104431
6 0.0530372 0.0516069 0.000908596
7 0.0507488 0.0514843 0.000787022
8 0.0513744 0.0514705 0.000688764
9 0.0545872 0.0518168 0.000693849
10 0.049128 0.051548 0.000674555
11 0.0537376 0.051747 0.000641931
12 0.0517064 0.0517436 0.000588446
13 0.0473264 0.0514038 0.000633735
14 0.0468076 0.0510755 0.000668116
15 0.051698 0.051117 0.000624862
16 0.0501956 0.0510594 0.000588456
17 0.0531112 0.0511801 0.000566082
18 0.0532584 0.0512956 0.000546281
19 0.0520368 0.0513346 0.000518921
20 0.0496476 0.0512503 0.000499783
1 0.03633 0.03633 0
2 0.0359164 0.0361232 0.00014623
3 0.0362276 0.036158 0.000101543
4 0.0364632 0.0362343 0.000100828
5 0.0364908 0.0362856 9.27993e-05
6 0.035918 0.0362243 9.54377e-05
7 0.0351124 0.0360655 0.000168285
8 0.037722 0.0362726 0.000243307
9 0.0382632 0.0364937 0.000300434
10 0.0353096 0.0363753 0.000292798
11 0.0373328 0.0364624 0.000278818
12 0.0363264 0.036451 0.000255813
13 0.0319324 0.0361034 0.000409003
14 0.0341772 0.0359659 0.000402266
15 0.0366208 0.0360095 0.00037781
16 0.0367208 0.036054 0.000356803
17 0.0373968 0.036133 0.000344447
18 0.0342784 0.0360299 0.000340372
19 0.0331844 0.0358802 0.000353875
20 0.0367392 0.0359231 0.000338778
1 0.0275724 0.0275724 0
2 0.0293644 0.0284684 0.000633568
3 0.0262636 0.0277335 0.000733818
4 0.0289188 0.0280298 0.000607256
5 0.0261428 0.0276524 0.000591566
6 0.0271496 0.0275686 0.000498872
7 0.0272888 0.0275286 0.000429203
8 0.0280012 0.0275877 0.000379596
9 0.0275864 0.0275876 0.000337419
10 0.0268532 0.0275141 0.000311566
11 0.0251724 0.0273012 0.000348461
12 0.0276568 0.0273309 0.00032068
13 0.0274388 0.0273392 0.00029612
14 0.0265212 0.0272807 0.000280673
15 0.0300204 0.0274634 0.000315846
16 0.0291608 0.0275695 0.000313416
17 0.025534 0.0274497 0.000317027
18 0.0281688 0.0274897 0.000301921
19 0.0281868 0.0275264 0.000288251
20 0.0259684 0.0274485 0.00028417
