1 0.276984 0.276984 0
2 0.259902 0.268443 0.00603936
3 0.264108 0.266998 0.00419554
4 0.302783 0.275944 0.00836232
5 0.26073 0.272901 0.00722231
6 0.255287 0.269966 0.00658826
7 0.268562 0.269765 0.00565013
8 0.251026 0.267423 0.00540768
9 0.281938 0.269036 0.0050416
10 0.2422 0.266352 0.00520285
11 0.271337 0.266805 0.00474956
12 0.278752 0.267801 0.00445688
13 0.304432 0.270619 0.00492488
14 0.246729 0.268912 0.00485974
15 0.286392 0.270077 0.00467339
16 0.265724 0.269805 0.00438921
17 0.302706 0.271741 0.00453768
18 0.232916 0.269584 0.00477075
19 0.213554 0.266635 0.00535404
20 0.251782 0.265892 0.00513759
1 0.340519 0.340519 0
2 0.338155 0.339337 0.000835577
3 0.324833 0.334502 0.00398657
4 0.33608 0.334897 0.00300937
5 0.33121 0.33416 0.00249618
6 0.305253 0.329342 0.00486519
7 0.34598 0.331719 0.00471516
8 0.306151 0.328523 0.00509503
9 0.330711 0.328766 0.00453472
10 0.357447 0.331634 0.00490512
11 0.343565 0.332719 0.00457755
12 0.338186 0.333174 0.0042187
13 0.395957 0.338004 0.00605757
14 0.3099 0.335996 0.00594821
15 0.362104 0.337737 0.00580072
16 0.379846 0.340369 0.00600562
17 0.352469 0.34108 0.00569437
18 0.287824 0.338122 0.0060984
19 0.298344 0.336028 0.00612626
20 0.300763 0.334265 0.00606839
1 0.395848 0.395848 0
2 0.391647 0.393747 0.00148525
3 0.406711 0.398069 0.00366473
4 0.381061 0.393817 0.00459489
5 0.379413 0.390936 0.00448906
6 0.383398 0.38968 0.00391274
7 0.394442 0.39036 0.00341242
8 0.368828 0.387668 0.00390561
9 0.422158 0.391501 0.00501064
10 0.41903 0.394254 0.00521125
11 0.420717 0.396659 0.00526359
12 0.389986 0.396103 0.00485424
13 0.456568 0.400754 0.00632829
14 0.379929 0.399267 0.00604857
15 0.418581 0.400554 0.00578075
16 0.420951 0.401829 0.00555824
17 0.423365 0.403096 0.00537371
18 0.386621 0.402181 0.00515253
19 0.380922 0.401062 0.00500135
20 0.35863 0.39894 0.00518177
1 0.43246 0.43246 0
2 0.440714 0.436587 0.00291825
3 0.448964 0.440713 0.00389013
4 0.420626 0.435691 0.00523697
5 0.436978 0.435948 0.0041959
6 0.436959 0.436117 0.00349996
7 0.45482 0.438789 0.00388832
8 0.425576 0.437137 0.00373664
9 0.482871 0.442219 0.00582966
10 0.469741 0.444971 0.00586047
11 0.475984 0.44779 0.00596747
12 0.449905 0.447966 0.00547278
13 0.50014 0.45198 0.00635519
14 0.451948 0.451978 0.00590124
15 0.454885 0.452171 0.00551101
16 0.448166 0.451921 0.00517225
17 0.502883 0.454919 0.00567056
18 0.452629 0.454792 0.00535696
19 0.44357 0.454201 0.00510747
20 0.402939 0.451638 0.00545745
1 0.475481 0.475481 0
2 0.480708 0.478094 0.00184797
3 0.497079 0.484423 0.00531177
4 0.472664 0.481483 0.00472782
5 0.469624 0.479111 0.00433659
6 0.467536 0.477182 0.00402009
7 0.485392 0.478355 0.00361284
8 0.469694 0.477272 0.00331947
9 0.502678 0.480095 0.00397359
10 0.49764 0.481849 0.00394462
11 0.507352 0.484168 0.00421259
12 0.495905 0.485146 0.00397348
13 0.516621 0.487567 0.00434325
14 0.499412 0.488413 0.0041146
15 0.491521 0.48862 0.0038455
16 0.463406 0.487044 0.00391477
17 0.515898 0.488742 0.00403569
18 0.484058 0.488481 0.00381987
19 0.488638 0.48849 0.00361883
20 0.46034 0.487082 0.00370149
1 0.536309 0.536309 0
2 0.516919 0.526614 0.0068554
3 0.523174 0.525467 0.00466518
4 0.505985 0.520597 0.00548041
5 0.518394 0.520156 0.004402
6 0.5154 0.519364 0.00373902
7 0.525863 0.520292 0.00331816
8 0.51636 0.5198 0.00293957
9 0.533989 0.521377 0.00300612
10 0.523851 0.521624 0.00271566
11 0.531242 0.522499 0.00260573
12 0.505952 0.52112 0.00272916
13 0.524198 0.521357 0.00252947
14 0.528788 0.521887 0.00240385
15 0.518224 0.521643 0.00225596
16 0.520177 0.521552 0.00211682
17 0.524731 0.521739 0.00200055
18 0.51984 0.521633 0.00189218
19 0.519013 0.521495 0.00179761
20 0.528563 0.521849 0.00174213
1 0.496912 0.496912 0
2 0.502576 0.499744 0.00200236
3 0.492664 0.497384 0.00234412
4 0.482287 0.49361 0.00371141
5 0.504182 0.495724 0.00352022
6 0.497288 0.495985 0.00294314
7 0.503413 0.497046 0.00270723
8 0.491952 0.496409 0.00244256
9 0.502159 0.497048 0.00225315
10 0.493618 0.496705 0.00205378
11 0.508514 0.497779 0.00212926
12 0.484691 0.496688 0.0022136
13 0.509848 0.4977 0.00226298
14 0.495001 0.497507 0.00210954
15 0.504312 0.497961 0.00201708
16 0.499946 0.498085 0.00189482
17 0.486928 0.497429 0.00189362
18 0.502449 0.497708 0.00180884
19 0.513667 0.498548 0.00189868
20 0.502347 0.498738 0.00181323
1 0.463302 0.463302 0
2 0.468429 0.465865 0.00181294
3 0.458461 0.463397 0.00234977
4 0.460824 0.462754 0.00184828
5 0.478413 0.465886 0.00316747
6 0.46566 0.465848 0.00263978
7 0.464972 0.465723 0.00226564
8 0.458168 0.464779 0.00217035
9 0.471737 0.465552 0.00206232
10 0.468083 0.465805 0.00187155
11 0.470561 0.466237 0.00175065
12 0.460142 0.465729 0.00167684
13 0.474143 0.466377 0.00166808
14 0.470262 0.466654 0.00157185
15 0.470001 0.466877 0.00148281
16 0.471936 0.467193 0.00142345
17 0.471736 0.467461 0.00136457
18 0.469207 0.467558 0.00129221
19 0.463668 0.467353 0.00124031
20 0.463675 0.467169 0.00119185
1 0.435876 0.435876 0
2 0.440593 0.438235 0.00166793
3 0.43862 0.438363 0.00111689
4 0.431491 0.436645 0.00170744
5 0.436528 0.436622 0.00136611
6 0.436584 0.436615 0.00113844
7 0.434192 0.436269 0.00102711
8 0.435361 0.436156 0.000904979
9 0.438887 0.436459 0.000853793
10 0.440595 0.436873 0.000862774
11 0.440782 0.437228 0.000854401
12 0.428188 0.436475 0.0010647
13 0.439408 0.4367 0.00100642
14 0.435175 0.436591 0.000940412
15 0.451407 0.437579 0.0012965
16 0.446458 0.438134 0.00132893
17 0.439313 0.438203 0.00125257
18 0.442947 0.438467 0.00121039
19 0.44236 0.438672 0.00116389
20 0.43881 0.438679 0.00110572
1 0.361122 0.361122 0
2 0.363197 0.36216 0.000733659
3 0.364831 0.36305 0.000876243
4 0.364099 0.363312 0.000695296
5 0.364061 0.363462 0.000572127
6 0.36097 0.363047 0.000609123
7 0.363226 0.363072 0.000522644
8 0.365583 0.363386 0.000543404
9 0.364824 0.363546 0.000505962
10 0.364622 0.363653 0.000466659
11 0.361174 0.363428 0.000475578
12 0.36259 0.363358 0.000441044
13 0.366044 0.363565 0.000452919
14 0.361502 0.363417 0.000443891
15 0.365475 0.363555 0.000434977
16 0.363892 0.363576 0.0004083
17 0.363071 0.363546 0.00038536
18 0.361288 0.363421 0.000383834
19 0.366869 0.363602 0.000404264
20 0.362124 0.363528 0.000390748
1 0.296449 0.296449 0
2 0.298717 0.297583 0.000802049
3 0.295449 0.296872 0.000789529
4 0.296975 0.296898 0.00059257
5 0.294994 0.296517 0.000583636
6 0.296612 0.296533 0.000486577
7 0.296148 0.296478 0.00042016
8 0.295106 0.296306 0.00040112
9 0.297533 0.296443 0.000378993
10 0.296203 0.296419 0.000341852
11 0.297738 0.296539 0.000331164
12 0.294013 0.296328 0.000364362
13 0.296524 0.296343 0.000336646
14 0.296757 0.296373 0.000313893
15 0.297885 0.296473 0.000308726
16 0.296905 0.2965 0.000290606
17 0.297355 0.296551 0.000277824
18 0.29574 0.296506 0.000266019
19 0.297364 0.296551 0.000255827
20 0.295326 0.29649 0.000250253
1 0.241134 0.241134 0
2 0.242386 0.24176 0.000442623
3 0.24079 0.241437 0.000395987
4 0.243312 0.241906 0.000503
5 0.240382 0.241601 0.000486012
6 0.240585 0.241432 0.000433487
7 0.240442 0.24129 0.000393959
8 0.240797 0.241229 0.000349506
9 0.242064 0.241321 0.000322754
10 0.24031 0.24122 0.00030592
11 0.242298 0.241318 0.000293394
12 0.239284 0.241149 0.000314112
13 0.239625 0.241031 0.000311052
14 0.239645 0.240932 0.000304194
15 0.241866 0.240995 0.000290206
16 0.239276 0.240887 0.000291265
17 0.238575 0.240751 0.000304237
18 0.240101 0.240715 0.00028947
19 0.241802 0.240772 0.000279828
20 0.240666 0.240767 0.000265888
1 0.198494 0.198494 0
2 0.198854 0.198674 0.000127083
3 0.196184 0.197844 0.000682817
4 0.199005 0.198134 0.000570459
5 0.197149 0.197937 0.000489192
6 0.196406 0.197682 0.000469572
7 0.196545 0.19752 0.000429662
8 0.197208 0.197481 0.000377716
9 0.197967 0.197535 0.000339599
10 0.197639 0.197545 0.000305799
11 0.1979 0.197577 0.0002797
12 0.196488 0.197487 0.000270716
13 0.197587 0.197494 0.000250001
14 0.197473 0.197493 0.000232149
15 0.19762 0.197501 0.000216826
16 0.19585 0.197398 0.000226518
17 0.195367 0.197279 0.00024267
18 0.197135 0.197271 0.000229319
19 0.19802 0.19731 0.000220614
20 0.19773 0.197331 0.000210579
