1 0.919401 0.919401 0
2 0.880794 0.900098 0.0136494
3 0.919537 0.906577 0.0105259
4 0.886902 0.901659 0.00897039
5 0.914492 0.904225 0.0075346
6 0.88688 0.901334 0.00681088
7 0.858442 0.895207 0.00814027
8 0.861895 0.891043 0.00811819
9 0.892465 0.891201 0.0072177
10 0.905568 0.892638 0.00663738
11 0.860155 0.889685 0.00665855
12 0.898272 0.8904 0.006142
13 0.800258 0.883466 0.00874787
14 0.888208 0.883805 0.00812958
15 0.885148 0.883894 0.0075881
16 0.876619 0.88344 0.00712746
17 0.862831 0.882227 0.00681051
18 0.911395 0.883848 0.00662211
19 0.931735 0.886368 0.00673615
20 0.874356 0.885768 0.00642606
1 0.882224 0.882224 0
2 0.818596 0.85041 0.0224959
3 0.870138 0.856986 0.0159294
4 0.86681 0.859442 0.0121349
5 0.863735 0.860301 0.00973824
6 0.844373 0.857646 0.0084693
7 0.842492 0.855481 0.00753101
8 0.886336 0.859338 0.00751257
9 0.853999 0.858745 0.00670122
10 0.812739 0.854144 0.00744465
11 0.8403 0.852886 0.00687342
12 0.844939 0.852224 0.00633245
13 0.771813 0.846038 0.00833574
14 0.851646 0.846439 0.00774995
15 0.829982 0.845341 0.00731053
16 0.797677 0.842362 0.00743586
17 0.845538 0.842549 0.00700081
18 0.88559 0.84494 0.00700833
19 0.876424 0.846597 0.00683255
20 0.873044 0.84792 0.00661764
1 0.815937 0.815937 0
2 0.819469 0.817703 0.00124889
3 0.776692 0.804033 0.0111928
4 0.838401 0.812625 0.0112177
5 0.83945 0.81799 0.0101765
6 0.829295 0.819874 0.00865311
7 0.799266 0.81693 0.00790192
8 0.83422 0.819091 0.00720367
9 0.775274 0.814222 0.00787854
10 0.788742 0.811674 0.00749139
11 0.719394 0.803285 0.0105053
12 0.744772 0.798409 0.0107018
13 0.738146 0.793774 0.0108362
14 0.790161 0.793516 0.0100652
15 0.765888 0.791674 0.00956123
16 0.731141 0.78789 0.00968327
17 0.790469 0.788042 0.00911486
18 0.805545 0.789015 0.00866019
19 0.81975 0.790632 0.0083541
20 0.849565 0.793579 0.00844008
1 0.785595 0.785595 0
2 0.769549 0.777572 0.00567312
3 0.731939 0.762361 0.0129827
4 0.796706 0.770947 0.0122517
5 0.776497 0.772057 0.00985148
6 0.78905 0.774889 0.00860706
7 0.752134 0.771639 0.00796777
8 0.75127 0.769092 0.00736737
9 0.710118 0.76254 0.00900301
10 0.691379 0.755424 0.0105465
11 0.664538 0.747161 0.0124091
12 0.677888 0.741389 0.0126467
13 0.611195 0.731374 0.0151282
14 0.686208 0.728148 0.0143875
15 0.698474 0.726169 0.0135636
16 0.706612 0.724947 0.0127708
17 0.689068 0.722836 0.0121928
18 0.738899 0.723729 0.011548
19 0.740506 0.724612 0.0109739
20 0.800716 0.728417 0.0110653
1 0.716579 0.716579 0
2 0.689624 0.703101 0.0095301
3 0.688657 0.698287 0.00747126
4 0.733421 0.70707 0.00944785
5 0.715942 0.708845 0.00772312
6 0.729996 0.71237 0.00719565
7 0.674398 0.706945 0.0079538
8 0.719504 0.708515 0.00711282
9 0.66673 0.703872 0.00768988
10 0.655325 0.699018 0.00831325
11 0.64541 0.694144 0.00887171
12 0.616088 0.68764 0.0102431
13 0.581446 0.679471 0.012288
14 0.641144 0.676733 0.0117113
15 0.665692 0.675997 0.0109536
16 0.645921 0.674117 0.0104291
17 0.639766 0.672097 0.0100094
18 0.68457 0.67279 0.00947732
19 0.670071 0.672647 0.00897959
20 0.719342 0.674981 0.00882893
1 0.46812 0.46812 0
2 0.44692 0.45752 0.00749547
3 0.4598 0.45828 0.00503537
4 0.403522 0.444591 0.0124426
5 0.496232 0.454919 0.0135802
6 0.483898 0.459749 0.0121454
7 0.419754 0.454035 0.0116771
8 0.45505 0.454162 0.0102182
9 0.445836 0.453237 0.0091246
10 0.429993 0.450913 0.00850305
11 0.448104 0.450657 0.00773388
12 0.436252 0.449457 0.00718196
13 0.402088 0.445813 0.00749706
14 0.418313 0.443849 0.00721429
15 0.430286 0.442945 0.00678976
16 0.420016 0.441512 0.00651487
17 0.380215 0.437906 0.00705927
18 0.45201 0.438689 0.00671043
19 0.441469 0.438836 0.00635885
20 0.457825 0.439785 0.00611138
1 0.288538 0.288538 0
2 0.290048 0.289293 0.000533583
3 0.299094 0.29256 0.002691
4 0.272292 0.287493 0.00482993
5 0.316484 0.293291 0.00646725
6 0.323604 0.298343 0.00709334
7 0.287858 0.296845 0.00623614
8 0.30662 0.298067 0.00557503
9 0.293056 0.297511 0.00498331
10 0.294931 0.297253 0.00449165
11 0.290158 0.296608 0.00412936
12 0.295228 0.296493 0.00378684
13 0.273739 0.294742 0.00387901
14 0.280128 0.293698 0.00373976
15 0.295761 0.293836 0.00349297
16 0.273102 0.29254 0.00350681
17 0.246322 0.289821 0.00422492
18 0.320532 0.291528 0.00432099
19 0.322198 0.293142 0.00438474
20 0.299471 0.293458 0.0041769
1 0.196274 0.196274 0
2 0.201985 0.199129 0.00201921
3 0.203844 0.200701 0.00185984
4 0.183176 0.19632 0.00404254
5 0.225666 0.202189 0.00616583
6 0.217346 0.204715 0.00563194
7 0.189842 0.20259 0.00521276
8 0.209357 0.203436 0.00462928
9 0.205114 0.203623 0.00411866
10 0.201963 0.203457 0.00371014
11 0.196327 0.202808 0.003429
12 0.190998 0.201824 0.00328145
13 0.187262 0.200704 0.00321455
14 0.194713 0.200276 0.00301328
15 0.199405 0.200218 0.00281296
16 0.196116 0.199962 0.0026488
17 0.175378 0.198516 0.00286064
18 0.213016 0.199321 0.00281287
19 0.213274 0.200056 0.00275901
20 0.211174 0.200612 0.00267648
1 0.144766 0.144766 0
2 0.155291 0.150029 0.00372108
3 0.15158 0.150546 0.00251639
4 0.134782 0.146605 0.00390004
5 0.153687 0.148021 0.00336742
6 0.144084 0.147365 0.00286941
7 0.138065 0.146036 0.00274993
8 0.146562 0.146102 0.00240697
9 0.158469 0.147476 0.0025012
10 0.147821 0.147511 0.00225132
11 0.142455 0.147051 0.00209304
12 0.125285 0.145237 0.00258786
13 0.128867 0.143978 0.00267769
14 0.142823 0.143896 0.0024877
15 0.151568 0.144407 0.00237386
16 0.14288 0.144312 0.00222741
17 0.135544 0.143796 0.00215527
18 0.156628 0.144509 0.0021502
19 0.153106 0.144961 0.0020841
20 0.1446 0.144943 0.00197997
1 0.0839832 0.0839832 0
2 0.08172 0.0828516 0.000800162
3 0.0802416 0.0819816 0.000888347
4 0.0776748 0.0809049 0.00114602
5 0.0727196 0.0792678 0.00172758
6 0.07638 0.0787865 0.0015052
7 0.0741232 0.0781203 0.00143002
8 0.0811744 0.0785021 0.00130123
9 0.0844184 0.0791595 0.00131223
10 0.0778012 0.0790236 0.00118802
11 0.0712396 0.078316 0.00127344
12 0.0678404 0.077443 0.00143569
13 0.0764296 0.0773651 0.00132737
14 0.0720504 0.0769855 0.0012857
15 0.073166 0.0767308 0.00122494
16 0.0836476 0.0771631 0.00122228
17 0.0722768 0.0768757 0.0011837
18 0.0744008 0.0767382 0.00112589
19 0.0836752 0.0771033 0.00112428
20 0.0765416 0.0770752 0.00106841
1 0.0519548 0.0519548 0
2 0.050726 0.0513404 0.000434446
3 0.050868 0.0511829 0.000316886
4 0.0530256 0.0516436 0.000464376
5 0.04921 0.0511569 0.000572302
6 0.0457776 0.0502603 0.000947249
7 0.0477088 0.0498958 0.000879267
8 0.0496416 0.0498641 0.000769933
9 0.052796 0.0501898 0.000750145
10 0.0563144 0.0508023 0.000890727
11 0.0493904 0.0506739 0.000818948
12 0.0478128 0.0504355 0.000784643
13 0.04952 0.0503651 0.000727439
14 0.0428356 0.0498273 0.000851388
15 0.046966 0.0496365 0.000815717
16 0.05334 0.049868 0.000796899
17 0.0438548 0.0495143 0.000824797
18 0.046708 0.0493584 0.000793572
19 0.0556808 0.0496911 0.000818604
20 0.0505608 0.0497346 0.000778828
1 0.0387432 0.0387432 0
2 0.0358808 0.037312 0.00101201
3 0.0358712 0.0368317 0.000780356
4 0.0368324 0.0368319 0.000585267
5 0.033468 0.0361591 0.00076245
6 0.0324648 0.0355434 0.000848309
7 0.0325984 0.0351227 0.000824876
8 0.0362424 0.0352626 0.000733545
9 0.0382136 0.0355905 0.000721608
10 0.0384824 0.0358797 0.000705016
11 0.0333244 0.0356474 0.000678116
12 0.0339764 0.0355082 0.000635744
13 0.0359976 0.0355458 0.000587954
14 0.0311184 0.0352296 0.000625249
15 0.036158 0.0352915 0.000586621
16 0.0390404 0.0355258 0.000594914
17 0.0304672 0.0352282 0.000629956
18 0.0344232 0.0351835 0.000596544
19 0.03991 0.0354323 0.000614831
20 0.0350684 0.0354141 0.000584358
1 0.0278156 0.0278156 0
2 0.0284116 0.0281136 0.000210718
3 0.0259968 0.027408 0.000593
4 0.0278776 0.0275254 0.000456223
5 0.0247636 0.026973 0.00061424
6 0.0265076 0.0268955 0.000516742
7 0.024754 0.0265895 0.000525736
8 0.0278268 0.0267442 0.000482231
9 0.0285584 0.0269458 0.000468892
10 0.0288392 0.0271351 0.000458641
11 0.0243268 0.0268798 0.000482802
12 0.0259116 0.0267991 0.00044926
13 0.0262488 0.0267568 0.000416691
14 0.022688 0.0264662 0.000477645
15 0.0271496 0.0265117 0.00044797
16 0.0278052 0.0265926 0.000427204
17 0.0212456 0.026278 0.00050475
18 0.02739 0.0263398 0.000480473
19 0.0289064 0.0264749 0.000473794
20 0.026728 0.0264876 0.000450273
