1 89.4084 89.4084 0
2 90.3991 89.9037 0.350287
3 90.2725 90.0267 0.25418
4 88.1226 89.5506 0.454186
5 90.4126 89.723 0.394715
6 90.7562 89.8952 0.364556
7 89.6594 89.8615 0.31403
8 91.6456 90.0845 0.344987
9 89.5445 90.0245 0.31183
10 91.7759 90.1997 0.326141
11 89.7571 90.1594 0.298963
12 88.8914 90.0538 0.292129
13 88.5376 89.9371 0.292012
14 91.948 90.0808 0.304436
15 88.5504 89.9787 0.300751
16 90.6325 90.0196 0.284716
17 88.5988 89.936 0.279967
18 91.7942 90.0393 0.282805
19 92.9748 90.1938 0.30724
20 90.962 90.2322 0.294269
1 81.1759 81.1759 0
2 81.3957 81.2858 0.0777209
3 82.6107 81.7274 0.364288
4 81.2283 81.6027 0.293808
5 81.6426 81.6106 0.235155
6 83.2556 81.8848 0.317865
7 79.5647 81.5534 0.410357
8 83.688 81.8202 0.43729
9 82.2965 81.8731 0.391891
10 80.9855 81.7844 0.362614
11 81.236 81.7345 0.333058
12 80.9592 81.6699 0.311507
13 78.0291 81.3898 0.393807
14 83.5493 81.5441 0.394733
15 80.1978 81.4543 0.378484
16 79.5603 81.336 0.372881
17 81.1276 81.3237 0.351148
18 84.3985 81.4945 0.37087
19 83.741 81.6128 0.369718
20 83.2024 81.6922 0.359674
1 73.3126 73.3126 0
2 72.9029 73.1078 0.144849
3 73.3498 73.1884 0.116888
4 74.0472 73.4031 0.205554
5 74.8981 73.7021 0.313952
6 74.7506 73.8769 0.306427
7 72.4261 73.6696 0.325278
8 75.4061 73.8867 0.349617
9 71.9865 73.6755 0.369053
10 71.0571 73.4137 0.414764
11 71.9387 73.2796 0.398143
12 73.7839 73.3216 0.367175
13 68.6167 72.9597 0.485574
14 74.063 73.0385 0.457241
15 71.4326 72.9315 0.439114
16 71.8339 72.8629 0.416993
17 72.5933 72.847 0.392765
18 74.1648 72.9202 0.377707
19 74.7548 73.0168 0.369964
20 75.8522 73.1585 0.377653
1 65.8752 65.8752 0
2 65.0726 65.4739 0.283767
3 65.2614 65.403 0.197822
4 66.7198 65.7322 0.321387
5 65.8281 65.7514 0.25768
6 67.151 65.9847 0.302417
7 63.554 65.6374 0.41297
8 67.1418 65.8255 0.401887
9 63.2235 65.5364 0.449348
10 63.1127 65.294 0.465208
11 63.7749 65.1559 0.442941
12 64.9374 65.1377 0.406403
13 58.2766 64.6099 0.630756
14 64.3816 64.5936 0.585912
15 63.5962 64.5271 0.550612
16 64.2593 64.5104 0.516453
17 62.235 64.3765 0.503117
18 65.6057 64.4448 0.479779
19 65.5442 64.5027 0.458003
20 67.9727 64.6762 0.46681
1 57.775 57.775 0
2 56.2863 57.0306 0.52633
3 57.5767 57.2126 0.381068
4 58.9788 57.6542 0.477385
5 58.5705 57.8374 0.4156
6 59.4589 58.1077 0.425212
7 55.1918 57.6911 0.530626
8 59.133 57.8714 0.49396
9 56.6156 57.7318 0.45836
10 55.9815 57.5568 0.44469
11 56.2328 57.4364 0.420238
12 55.5505 57.2793 0.413564
13 50.9158 56.7898 0.605734
14 57.8486 56.8654 0.567169
15 56.2697 56.8257 0.530746
16 57.4238 56.8631 0.498889
17 55.8836 56.8055 0.472858
18 57.2186 56.8284 0.447145
19 57.6531 56.8718 0.425712
20 58.6261 56.9595 0.413364
1 32.7766 32.7766 0
2 31.851 32.3138 0.327258
3 31.9957 32.2078 0.234718
4 30.9327 31.889 0.327412
5 33.3803 32.1873 0.373861
6 32.2721 32.2014 0.311818
7 31.379 32.0839 0.288559
8 32.8163 32.1755 0.266615
9 31.5544 32.1065 0.24576
10 31.3155 32.0274 0.233564
11 32.1014 32.0341 0.212428
12 32.0289 32.0337 0.194726
13 31.4002 31.9849 0.185743
14 32.0258 31.9879 0.172499
15 30.7789 31.9073 0.178838
16 31.3165 31.8703 0.17143
17 31.1323 31.8269 0.166752
18 32.7138 31.8762 0.164606
19 31.8999 31.8774 0.155947
20 31.7788 31.8725 0.148228
1 18.3982 18.3982 0
2 18.6958 18.547 0.105221
3 18.5929 18.5623 0.0712511
4 18.3563 18.5108 0.0696145
5 19.0985 18.6283 0.118965
6 18.9061 18.6746 0.107769
7 18.9195 18.7096 0.0978882
8 18.6378 18.7006 0.0860624
9 18.0342 18.6266 0.103571
10 18.7575 18.6397 0.094037
11 18.8245 18.6565 0.0869758
12 18.3147 18.628 0.0842615
13 18.663 18.6307 0.0778229
14 18.2868 18.6061 0.0760426
15 18.4873 18.5982 0.0713847
16 18.3142 18.5805 0.0690949
17 17.755 18.5319 0.0802984
18 19.1945 18.5687 0.0838512
19 19.5043 18.618 0.0927773
20 18.3672 18.6054 0.0889817
1 11.6069 11.6069 0
2 12.0335 11.8202 0.150822
3 11.6069 11.7491 0.116101
4 11.5443 11.6979 0.0977127
5 11.9219 11.7427 0.0878471
6 12.0967 11.8017 0.0908822
7 11.6159 11.7751 0.0816823
8 11.806 11.779 0.071563
9 12.1445 11.8196 0.074247
10 11.8244 11.8201 0.0668238
11 11.8226 11.8203 0.0607493
12 11.5583 11.7985 0.059482
13 11.8958 11.806 0.0553759
14 12.2145 11.8352 0.0586083
15 11.734 11.8284 0.055088
16 11.8702 11.831 0.051707
17 11.66 11.821 0.0496338
18 11.9794 11.8298 0.0476506
19 12.019 11.8397 0.0461722
20 11.7253 11.834 0.0442164
1 8.1785 8.1785 0
2 8.20096 8.18973 0.00794109
3 8.3591 8.24619 0.0464
4 7.90774 8.16157 0.0811205
5 8.27455 8.18417 0.0679704
6 8.24858 8.1949 0.0574834
7 8.1472 8.18809 0.0496739
8 8.11852 8.17939 0.0442193
9 8.26559 8.18897 0.0403299
10 8.18849 8.18892 0.0362969
11 8.22594 8.19229 0.0331528
12 7.81118 8.16053 0.0429898
13 8.20838 8.16421 0.0398402
14 8.20112 8.16684 0.0370816
15 8.26024 8.17307 0.0351284
16 8.39615 8.18701 0.0355924
17 8.18687 8.18701 0.0334987
18 8.14252 8.18453 0.0317288
19 8.54822 8.20368 0.0353645
20 8.16163 8.20157 0.0336587
1 4.17504 4.17504 0
2 4.14941 4.16222 0.00906047
3 4.11027 4.1449 0.015377
4 4.17279 4.15188 0.0130176
5 4.10564 4.14263 0.013299
6 4.16232 4.14591 0.0114804
7 4.19481 4.1529 0.0117753
8 4.1723 4.15532 0.0105502
9 4.22466 4.16303 0.0118618
10 4.14711 4.16143 0.0107818
11 4.07903 4.15394 0.0121282
12 4.04058 4.1445 0.0143321
13 4.18973 4.14797 0.0136455
14 4.07654 4.14287 0.0135915
15 4.1584 4.14391 0.0127247
16 4.222 4.14879 0.0128314
17 4.14442 4.14853 0.0120792
18 4.09291 4.14544 0.0117968
19 4.10907 4.14353 0.0113301
20 4.1847 4.14559 0.010949
1 2.56682 2.56682 0
2 2.60942 2.58812 0.0150619
3 2.5481 2.57478 0.0148144
4 2.5726 2.57424 0.0111209
5 2.60085 2.57956 0.0100905
6 2.5908 2.58143 0.00858075
7 2.57044 2.57986 0.0074973
8 2.60704 2.58326 0.0072893
9 2.63149 2.58862 0.00821616
10 2.66952 2.59671 0.0106574
11 2.62134 2.59895 0.00992099
12 2.55441 2.59524 0.00976373
13 2.6338 2.5982 0.00945252
14 2.56789 2.59604 0.00902191
15 2.58875 2.59555 0.00843352
16 2.59053 2.59524 0.00791225
17 2.61395 2.59634 0.00752299
18 2.56242 2.59445 0.00733723
19 2.60871 2.5952 0.00698934
20 2.57573 2.59423 0.00670738
1 1.81171 1.81171 0
2 1.81349 1.8126 0.000631628
3 1.77799 1.80106 0.00943038
4 1.8151 1.80457 0.00769843
5 1.81824 1.80731 0.0066261
6 1.83427 1.8118 0.00687899
7 1.80405 1.81069 0.00598469
8 1.83633 1.8139 0.00603393
9 1.83752 1.81652 0.00590691
10 1.86428 1.8213 0.00698487
11 1.84396 1.82336 0.00664666
12 1.79045 1.82062 0.0066345
13 1.86043 1.82368 0.0067945
14 1.81433 1.82301 0.00634194
15 1.81188 1.82227 0.00596236
16 1.83994 1.82337 0.00569106
17 1.85399 1.82517 0.00563416
18 1.78789 1.8231 0.00568922
19 1.81723 1.82279 0.00539818
20 1.82706 1.82301 0.00513249
1 1.35579 1.35579 0
2 1.36595 1.36087 0.00359437
3 1.36091 1.36088 0.00239627
4 1.37464 1.36432 0.00347885
5 1.37275 1.36601 0.00316476
6 1.39557 1.37093 0.00521341
7 1.37787 1.37193 0.00456191
8 1.39806 1.37519 0.00502711
9 1.38639 1.37644 0.00462004
10 1.40244 1.37904 0.00483466
11 1.38296 1.37939 0.00440831
12 1.35731 1.37755 0.00440833
13 1.39521 1.37891 0.00427341
14 1.37581 1.37869 0.0039739
15 1.38279 1.37896 0.00371837
16 1.38889 1.37958 0.00353731
17 1.37443 1.37928 0.00334221
18 1.3639 1.37843 0.00326391
19 1.36952 1.37796 0.00312559
20 1.38593 1.37836 0.00299464
