1 -1.00274 -1.00274 0
2 -1.00293 -1.00284 6.7837e-05
3 -1.00354 -1.00307 0.000196547
4 -1.00052 -1.00243 0.000570715
5 -1.00422 -1.00279 0.000557487
6 -1.00377 -1.00295 0.000487726
7 -1.00223 -1.00285 0.000428815
8 -1.00411 -1.00301 0.000402995
9 -1.00276 -1.00298 0.000359125
10 -1.0052 -1.0032 0.000385859
11 -1.00274 -1.00316 0.000353119
12 -1.00258 -1.00311 0.000327009
13 -0.999667 -1.00285 0.000394903
14 -1.00467 -1.00298 0.000387511
15 -1.00216 -1.00292 0.000365465
16 -1.00365 -1.00297 0.000345432
17 -1.0005 -1.00282 0.000354243
18 -1.0056 -1.00298 0.000366617
19 -1.00694 -1.00319 0.000402405
20 -1.00383 -1.00322 0.000383581
1 -0.995711 -0.995711 0
2 -0.994762 -0.995236 0.000335649
3 -0.996793 -0.995755 0.0004792
4 -0.995275 -0.995635 0.000374158
5 -0.996432 -0.995794 0.000331566
6 -0.997626 -0.9961 0.000392404
7 -0.994075 -0.995811 0.000429894
8 -0.998634 -0.996163 0.000500479
9 -0.996754 -0.996229 0.000449144
10 -0.994312 -0.996037 0.000443242
11 -0.99578 -0.996014 0.000403563
12 -0.995411 -0.995964 0.00037305
13 -0.990373 -0.995534 0.000537864
14 -0.997369 -0.995665 0.000515172
15 -0.99419 -0.995566 0.000490119
16 -0.99246 -0.995372 0.000496456
17 -0.994746 -0.995335 0.000468618
18 -0.999917 -0.99559 0.000507028
19 -0.998854 -0.995762 0.000508614
20 -0.998234 -0.995885 0.000497983
1 -0.987284 -0.987284 0
2 -0.986872 -0.987078 0.000145859
3 -0.986292 -0.986816 0.000234941
4 -0.988307 -0.987189 0.000367789
5 -0.989725 -0.987696 0.00054073
6 -0.989231 -0.987952 0.000507504
7 -0.985996 -0.987672 0.000506128
8 -0.98981 -0.98794 0.000508524
9 -0.985281 -0.987644 0.000530951
10 -0.984492 -0.987329 0.00056369
11 -0.984146 -0.98704 0.000581986
12 -0.986691 -0.987011 0.00053421
13 -0.980657 -0.986522 0.000680949
14 -0.987441 -0.986588 0.000635466
15 -0.984578 -0.986454 0.000607062
16 -0.983743 -0.986284 0.000592289
17 -0.985197 -0.98622 0.000560888
18 -0.988261 -0.986334 0.000541069
19 -0.988957 -0.986472 0.000529911
20 -0.990935 -0.986695 0.000548404
1 -0.978485 -0.978485 0
2 -0.977709 -0.978097 0.000274117
3 -0.976571 -0.977588 0.000453814
4 -0.979885 -0.978162 0.000602497
5 -0.978576 -0.978245 0.000487632
6 -0.979993 -0.978536 0.000485654
7 -0.974973 -0.978027 0.000628797
8 -0.979288 -0.978185 0.000569596
9 -0.973857 -0.977704 0.000679644
10 -0.973294 -0.977263 0.000741068
11 -0.973469 -0.976918 0.000749671
12 -0.975741 -0.97682 0.000693586
13 -0.96659 -0.976033 0.000990694
14 -0.97433 -0.975911 0.000927371
15 -0.973957 -0.975781 0.000874647
16 -0.975345 -0.975754 0.000820406
17 -0.970993 -0.975474 0.00081856
18 -0.977717 -0.975598 0.000782515
19 -0.977398 -0.975693 0.000747041
20 -0.981323 -0.975975 0.000760879
1 -0.966373 -0.966373 0
2 -0.964588 -0.96548 0.000631271
3 -0.965631 -0.965531 0.000422831
4 -0.968634 -0.966306 0.000743
5 -0.967873 -0.96662 0.00065717
6 -0.969018 -0.96702 0.000658091
7 -0.962809 -0.966418 0.000792679
8 -0.968431 -0.96667 0.00073244
9 -0.964384 -0.966416 0.000693681
10 -0.963086 -0.966083 0.000699689
11 -0.962935 -0.965796 0.00069214
12 -0.962299 -0.965505 0.00069313
13 -0.95552 -0.964737 0.000976682
14 -0.964435 -0.964715 0.000907157
15 -0.963116 -0.964609 0.000852921
16 -0.965079 -0.964638 0.00080012
17 -0.961862 -0.964475 0.000769542
18 -0.965699 -0.964543 0.000729787
19 -0.966081 -0.964624 0.000695851
20 -0.967795 -0.964782 0.000678882
1 -0.913362 -0.913362 0
2 -0.91147 -0.912416 0.000668926
3 -0.912305 -0.912379 0.000446984
4 -0.910462 -0.9119 0.000533618
5 -0.916883 -0.912896 0.000988373
6 -0.915312 -0.913299 0.00090189
7 -0.911153 -0.912992 0.000823484
8 -0.914923 -0.913234 0.000755092
9 -0.910795 -0.912963 0.000718169
10 -0.91014 -0.912681 0.000699639
11 -0.913352 -0.912742 0.000638697
12 -0.913491 -0.912804 0.00058852
13 -0.910744 -0.912646 0.000564179
14 -0.913067 -0.912676 0.000524683
15 -0.910779 -0.912549 0.000504719
16 -0.911216 -0.912466 0.000480009
17 -0.909927 -0.912317 0.000474444
18 -0.915463 -0.912491 0.000479199
19 -0.912201 -0.912476 0.000454222
20 -0.912845 -0.912495 0.000431886
1 -0.861316 -0.861316 0
2 -0.860706 -0.861011 0.000215885
3 -0.861426 -0.861149 0.00018292
4 -0.86048 -0.860982 0.000199514
5 -0.863942 -0.861574 0.000552969
6 -0.863419 -0.861882 0.000539598
7 -0.861232 -0.861789 0.000470433
8 -0.861593 -0.861764 0.000412263
9 -0.858781 -0.861433 0.000481609
10 -0.862211 -0.861511 0.000439697
11 -0.861214 -0.861484 0.000400553
12 -0.861174 -0.861458 0.000368003
13 -0.860628 -0.861394 0.000345193
14 -0.860985 -0.861365 0.00032177
15 -0.861133 -0.861349 0.00030069
16 -0.859408 -0.861228 0.000305405
17 -0.85995 -0.861153 0.000296553
18 -0.863821 -0.861301 0.000314956
19 -0.865014 -0.861496 0.00035386
20 -0.862263 -0.861535 0.000338236
1 -0.813314 -0.813314 0
2 -0.81172 -0.812517 0.000563485
3 -0.814534 -0.81319 0.00066521
4 -0.812356 -0.812981 0.000530595
5 -0.813978 -0.813181 0.000460416
6 -0.814136 -0.81334 0.000410278
7 -0.812094 -0.813162 0.000388327
8 -0.814271 -0.813301 0.0003637
9 -0.811838 -0.813138 0.000357742
10 -0.813809 -0.813205 0.000328197
11 -0.812344 -0.813127 0.000307553
12 -0.812006 -0.813033 0.000295758
13 -0.812003 -0.812954 0.000283435
14 -0.813575 -0.812999 0.000266636
15 -0.811433 -0.812894 0.000268514
16 -0.812894 -0.812894 0.000251732
17 -0.812103 -0.812848 0.00024119
18 -0.814607 -0.812945 0.000246798
19 -0.813971 -0.812999 0.00023964
20 -0.812288 -0.812964 0.00023028
1 -0.767842 -0.767842 0
2 -0.766446 -0.767144 0.000493527
3 -0.768688 -0.767659 0.000533838
4 -0.76662 -0.767399 0.000459246
5 -0.768667 -0.767653 0.000431817
6 -0.767895 -0.767693 0.000361737
7 -0.76709 -0.767607 0.000320151
8 -0.767906 -0.767644 0.000282313
9 -0.766821 -0.767553 0.000265341
10 -0.767761 -0.767574 0.000239623
11 -0.766998 -0.767521 0.000223484
12 -0.766878 -0.767468 0.000211184
13 -0.766864 -0.767421 0.000199986
14 -0.767048 -0.767395 0.000187466
15 -0.766599 -0.767342 0.000182328
16 -0.767923 -0.767378 0.000174518
17 -0.767971 -0.767413 0.000167701
18 -0.767829 -0.767436 0.000159972
19 -0.769313 -0.767535 0.000179469
20 -0.767054 -0.767511 0.000172101
1 -0.668832 -0.668832 0
2 -0.66647 -0.667651 0.000835116
3 -0.667521 -0.667607 0.000557864
4 -0.667644 -0.667616 0.000418472
5 -0.667157 -0.667525 0.00034473
6 -0.666786 -0.667401 0.00030847
7 -0.665225 -0.667091 0.000390873
8 -0.668166 -0.667225 0.000364395
9 -0.667139 -0.667215 0.000324033
10 -0.666969 -0.667191 0.000292566
11 -0.66668 -0.667144 0.000269628
12 -0.666995 -0.667132 0.000247445
13 -0.666229 -0.667062 0.00023795
14 -0.666049 -0.66699 0.000231702
15 -0.665319 -0.666879 0.000241548
16 -0.667713 -0.666931 0.000232011
17 -0.667056 -0.666938 0.00021848
18 -0.666773 -0.666929 0.000206535
19 -0.66687 -0.666926 0.000195688
20 -0.66744 -0.666952 0.000187587
1 -0.584641 -0.584641 0
2 -0.583655 -0.584148 0.000348949
3 -0.583825 -0.58404 0.000248732
4 -0.584338 -0.584115 0.000197385
5 -0.585023 -0.584296 0.000226525
6 -0.584319 -0.5843 0.000188802
7 -0.583737 -0.58422 0.000178163
8 -0.584569 -0.584263 0.000161155
9 -0.58449 -0.584288 0.000145198
10 -0.585179 -0.584377 0.000155621
11 -0.585234 -0.584455 0.000159782
12 -0.584323 -0.584444 0.000146844
13 -0.584674 -0.584462 0.000136603
14 -0.583559 -0.584397 0.00014125
15 -0.582803 -0.584291 0.000167098
16 -0.584478 -0.584303 0.000157061
17 -0.584072 -0.584289 0.000148407
18 -0.583808 -0.584263 0.000142553
19 -0.584974 -0.5843 0.000139877
20 -0.585156 -0.584343 0.000139278
1 -0.517578 -0.517578 0
2 -0.516572 -0.517075 0.000355692
3 -0.517072 -0.517074 0.000237129
4 -0.517525 -0.517187 0.000202856
5 -0.517692 -0.517288 0.000185745
6 -0.517218 -0.517276 0.000155149
7 -0.517347 -0.517286 0.000133317
8 -0.517789 -0.517349 0.00013062
9 -0.517252 -0.517338 0.000116549
10 -0.51767 -0.517371 0.000109503
11 -0.51775 -0.517406 0.000104808
12 -0.517341 -0.5174 9.62125e-05
13 -0.518148 -0.517458 0.000104593
14 -0.518035 -0.517499 0.000104934
15 -0.515711 -0.51738 0.000151173
16 -0.51799 -0.517418 0.000146448
17 -0.517944 -0.517449 0.00014106
18 -0.517692 -0.517463 0.000133871
19 -0.517871 -0.517484 0.00012854
20 -0.519199 -0.51757 0.000147975
1 -0.462849 -0.462849 0
2 -0.462556 -0.462703 0.000103549
3 -0.463055 -0.46282 0.000118185
4 -0.463034 -0.462874 9.99569e-05
5 -0.462748 -0.462848 8.30541e-05
6 -0.462809 -0.462842 6.94665e-05
7 -0.463109 -0.46288 6.92655e-05
8 -0.463101 -0.462908 6.58955e-05
9 -0.462898 -0.462907 5.85835e-05
10 -0.463444 -0.46296 7.33383e-05
11 -0.462866 -0.462952 6.7174e-05
12 -0.462766 -0.462936 6.33307e-05
13 -0.463687 -0.462994 8.06135e-05
14 -0.462847 -0.462984 7.5541e-05
15 -0.462249 -0.462935 8.49213e-05
16 -0.463169 -0.462949 8.0867e-05
17 -0.462841 -0.462943 7.63606e-05
18 -0.462925 -0.462942 7.21251e-05
19 -0.46237 -0.462912 7.43408e-05
20 -0.464508 -0.462992 0.000105074
