-0.437847   -0.169664   0.35612
-0.140046   -0.31623   -0.107249
0.0427764   0.0429793   -0.322343
0.135239   -0.0993996   -0.326487
0.0944934   -0.464059   -0.0255859
0.134903   0.476218   0.0152396
0.46769   -0.470095   -0.380277
0.0284501   0.336885   -0.381334
0.314737   -0.260818   -0.0678468
-0.0369258   -0.0452215   -0.262204
-0.14982   -0.207027   -0.183672
-0.286269   0.30475   -0.480925
0.323411   0.369641   -0.0399845
-0.318547   -0.240221   0.166265
0.0509838   0.175223   0.282317
-0.33078   -0.275842   0.40154
-0.480045   -0.366216   0.28763
0.445153   0.249852   0.456637
0.246531   0.132547   -0.00537846
0.253592   0.49061   0.219862
0.201404   -0.436496   -0.298608
-0.357166   0.41457   -0.291245
-0.163488   0.0644203   0.408479
-0.215198   0.0720928   -0.424879
0.358043   -0.00285659   0.206805
0.362878   -0.491241   0.0735958
0.263904   -0.477751   -0.229556
0.079136   -0.149934   -0.123155
0.321965   0.0653178   -0.145255
0.432982   0.32921   -0.185049
0.164643   0.451273   0.14578
0.0918203   0.156854   -0.218984
0.191697   -0.354179   0.320072
-0.467609   -0.168421   -0.206683
0.218365   0.402212   0.229361
0.0200674   -0.117992   -0.0763745
-0.249579   -0.337141   -0.283683
0.11764   0.487453   0.233161
0.0180051   -0.237761   -0.0654233
0.475079   -0.459654   0.434028
0.315462   0.39465   -0.129895
0.455597   -0.0676272   0.493846
0.398681   0.243337   0.251788
-0.324512   -0.114473   0.0176832
-0.238202   0.118666   0.0477655
-0.395013   0.425082   -0.475622
-0.0712007   -0.236485   -0.236034
0.472012   -0.450393   0.0403666
-0.427226   -0.316017   0.368921
-0.488022   -0.330027   -0.336801
0.111545   -0.275404   -0.463778
-0.485821   -0.0383649   -0.405748
-0.435437   0.492901   0.394946
0.0291801   0.201533   -0.317783
-0.0470895   0.0393631   -0.274515
-0.246412   0.225502   -0.366789
0.0925723   -0.483061   -0.213265
0.152517   0.00580272   0.364556
0.417572   0.474358   0.137253
-0.367404   -0.34928   0.440665
-0.325048   -0.000246751   0.279292
-0.466143   -0.273132   -0.0210521
0.465092   -0.368597   0.0761372
-0.242873   0.224506   -0.474329
-0.00284892   -0.248875   -0.426315
0.316588   0.453125   0.0963846
-0.308682   0.30696   -0.402792
-0.378416   0.275061   -0.444642
0.473361   -0.0503203   -0.122399
-0.426069   -0.0436565   0.29386
-0.237671   0.302232   -0.371185
-0.416674   -0.363561   0.178231
-0.0253149   -0.341293   -0.338281
0.432798   0.0761912   -0.136351
0.264167   -0.0124002   0.00828949
0.388926   0.222213   0.0554704
0.241522   -0.177511   -0.025645
0.382414   0.283074   -0.496295
0.430446   0.40386   -0.203647
0.29688   -0.130132   -0.193437
-0.112568   -0.46989   0.220223
0.128778   -0.333431   -0.375305
0.0684908   0.206046   -0.153763
-0.366299   -0.250523   -0.075016
0.464163   -0.148962   0.408811
0.32603   0.127871   0.00461789
-0.284379   0.318804   0.234946
0.342972   -0.0559839   -0.275326
-0.166058   0.422666   0.00730857
-0.394711   0.39167   0.0497983
-0.0098596   0.0995982   -0.388947
-0.475922   -0.267893   0.320521
-0.473122   -0.266136   0.240826
-0.452206   0.495448   -0.00734018
0.101071   -0.251503   -0.124113
0.237127   -0.349158   -0.0913547
-0.106241   0.376183   -0.266762
0.0861195   -0.31765   0.323168
-0.0235849   -0.454582   -0.492146
0.486753   -0.0372779   0.000198227
0.474413   -0.467355   -0.290946
-0.206539   0.365612   -0.288662
0.201511   -0.411453   0.0223084
0.0387755   -0.151227   -0.427468
0.32354   0.226679   0.172461
-0.0254952   -0.124811   0.0252094
-0.332915   -0.398976   0.222378
-0.342457   0.166919   -0.356675
