-0.437784   -0.169682   0.356202
-0.140061   -0.316194   -0.107214
0.0427318   0.0430369   -0.322383
0.135258   -0.0994186   -0.326518
0.0945303   -0.464042   -0.0255791
0.134928   0.47618   0.0152064
0.467682   -0.470173   -0.380267
0.0284938   0.336918   -0.381244
0.314785   -0.260822   -0.0678694
-0.0368872   -0.0452298   -0.26224
-0.149894   -0.207032   -0.183652
-0.286298   0.304691   -0.480965
0.323407   0.369602   -0.0399797
-0.318537   -0.240223   0.166277
0.0509535   0.175267   0.282258
-0.330775   -0.275893   0.401538
-0.480072   -0.36621   0.287595
0.445263   0.249742   0.456647
0.246566   0.13256   -0.00546835
0.253578   0.49064   0.219869
0.201345   -0.436596   -0.298654
-0.357176   0.414546   -0.291235
-0.163462   0.0644041   0.408515
-0.21513   0.072039   -0.424989
0.358041   -0.00277773   0.206743
0.36282   -0.49114   0.0735402
0.263957   -0.477745   -0.229572
0.0791575   -0.149944   -0.123198
0.322019   0.0653111   -0.145255
0.432922   0.329276   -0.185026
0.164688   0.451292   0.145746
0.0918528   0.156829   -0.218988
0.19175   -0.354246   0.320126
-0.467611   -0.168401   -0.206671
0.218331   0.402215   0.22938
0.0200483   -0.118027   -0.0763716
-0.249619   -0.3371   -0.283693
0.117591   0.487524   0.233164
0.0180327   -0.237667   -0.0654529
0.475051   -0.459687   0.434039
0.315423   0.394691   -0.129872
0.455516   -0.0676255   0.493885
0.398736   0.243336   0.251777
-0.324481   -0.114428   0.0176348
-0.238203   0.118765   0.0478044
-0.395022   0.425072   -0.47563
-0.0712407   -0.23648   -0.235985
0.472042   -0.4504   0.0403788
-0.427219   -0.315951   0.368896
-0.48801   -0.329993   -0.336829
0.111532   -0.275391   -0.463769
-0.485786   -0.0383907   -0.405793
-0.435495   0.492847   0.394986
0.0292179   0.201544   -0.317781
-0.0471461   0.0393355   -0.274535
-0.246377   0.225549   -0.366805
0.0925205   -0.483102   -0.213293
0.15253   0.00582552   0.364574
0.417621   0.474386   0.137267
-0.367482   -0.34929   0.440696
-0.325027   -0.000286881   0.279303
-0.466154   -0.273223   -0.021062
0.465079   -0.368552   0.0760626
-0.242881   0.224451   -0.47437
-0.00284758   -0.248922   -0.426328
0.316515   0.453099   0.0963542
-0.308699   0.306986   -0.402778
-0.37842   0.275033   -0.444624
0.473396   -0.0503445   -0.122388
-0.426057   -0.0436911   0.293952
-0.237708   0.302203   -0.371203
-0.416718   -0.363501   0.178272
-0.0253682   -0.341321   -0.33823
0.432806   0.0761921   -0.136353
0.264222   -0.012421   0.00825915
0.388922   0.222239   0.0554543
0.241575   -0.177569   -0.0256767
0.38245   0.283056   -0.496306
0.430467   0.403804   -0.203655
0.296862   -0.130126   -0.193519
-0.112491   -0.469839   0.220164
0.128802   -0.333464   -0.375284
0.0684316   0.20607   -0.153669
-0.366365   -0.250539   -0.0750861
0.464134   -0.148864   0.408815
0.325977   0.127829   0.00460783
-0.284416   0.318747   0.235004
0.342953   -0.0560737   -0.275351
-0.166061   0.422566   0.0073481
-0.394644   0.391663   0.0498955
-0.00985868   0.0995556   -0.388898
-0.475957   -0.267926   0.320475
-0.473123   -0.266115   0.240828
-0.452191   0.495457   -0.00731909
0.101059   -0.251425   -0.124023
0.237126   -0.349128   -0.0913492
-0.106224   0.376223   -0.26676
0.0861846   -0.317624   0.323136
-0.0235898   -0.454522   -0.492128
0.486678   -0.0372641   0.000218311
0.474372   -0.467314   -0.29101
-0.206507   0.365625   -0.28861
0.201545   -0.411444   0.0222923
0.038755   -0.151189   -0.427397
0.323674   0.226655   0.172493
-0.0254986   -0.124781   0.0252387
-0.332963   -0.399002   0.222405
-0.34245   0.167033   -0.35666
