0.453443   0.314662   0.431338
-0.0525417   0.439652   0.128514
-0.44168   -0.393972   0.423907
-0.360674   -0.400075   0.116733
0.0453128   0.446836   -0.052333
-0.324711   -0.0486174   -0.0198018
0.498822   0.105498   -0.0605442
0.024367   -0.0139786   -0.121648
0.0877876   0.082673   -0.350773
-9.58222e-05   -0.0127779   -0.0326575
-0.00934942   0.00645008   -0.0767361
-0.264288   -0.11645   0.407283
0.181636   -0.135432   0.438254
0.185841   -0.466244   -0.434859
0.485274   0.195878   0.256752
0.378794   0.399262   -0.15354
0.298517   -0.440378   0.263471
-0.0152285   -0.461367   0.241372
0.304693   0.283122   0.203556
0.00522962   -0.0515281   -0.0988521
-0.307854   0.136328   -0.289017
0.10792   0.15331   0.0340077
-0.361063   -0.194783   -0.0977712
0.348709   0.04277   -0.194266
-0.143083   -0.324153   0.24734
0.262015   0.0622518   0.337024
0.150594   0.441176   -0.410145
0.448886   -0.372624   -0.17322
0.140671   0.272715   0.197416
0.237437   -0.154358   -0.249382
-0.485874   -0.00701907   -0.335017
-0.186593   0.303656   0.226654
-0.0922287   -0.0387231   -0.160028
-0.0347354   -0.1175   -0.443171
-0.298463   0.0356736   0.170857
-0.0363538   0.103442   0.284117
-0.146107   -0.397447   -0.34684
0.483957   0.393025   -0.49363
0.134759   -0.451911   -0.198686
-0.473501   -0.298257   -0.190962
0.0332556   0.239226   -0.0106568
0.271544   -0.284509   -0.147285
-0.232997   -0.144057   -0.135758
0.202229   0.229371   -0.398536
-0.108398   0.171904   -0.475625
-0.473619   0.259226   -0.195089
-0.167082   0.0313091   -0.346661
0.0162877   0.407278   -0.448701
-0.109055   -0.298905   0.193223
0.427654   -0.276343   -0.115804
0.345986   0.286751   -0.0823772
0.251365   0.23864   -0.0173078
0.204568   -0.268298   -0.416801
-0.351329   0.357595   -0.148867
-0.14599   -0.31376   -0.339784
-0.173462   -0.0355782   0.0704881
-0.407958   0.210503   0.252187
-0.055525   0.0972344   -0.173918
-0.178923   -0.489517   0.0604051
-0.0692764   -0.0229223   -0.189938
-0.490035   -0.376293   -0.11601
0.130062   0.178727   0.141514
-0.0707832   -0.256468   0.100831
-0.0492718   0.0962289   -0.283822
-0.37346   0.00615022   -0.00236086
0.128569   -0.00509272   0.139553
-0.210015   0.295787   -0.168221
-0.483955   0.423777   0.237683
0.447676   0.331792   0.0886591
0.0737478   0.10644   0.237192
-0.371525   0.176217   -0.305601
0.24698   -0.427976   -0.154246
-0.0927472   0.400646   -0.333935
-0.4741   0.15492   0.478471
-0.0939247   0.34237   0.232153
0.223122   0.294439   -0.00978825
0.417606   0.0180727   -0.166169
-0.427766   0.281784   0.00614328
-0.274644   0.155307   -0.409256
0.484251   -0.306001   -0.267856
0.0386335   0.304141   0.138183
0.365585   -0.148301   0.391872
-0.0077479   -0.214473   -0.33446
-0.211895   -0.338512   -0.223452
-0.050431   0.454616   -0.263253
-0.308585   -0.0726054   0.172176
0.310012   0.302886   0.0810519
0.415069   0.324684   -0.0480881
-0.397837   0.097389   -0.126672
0.317179   -0.363057   -0.0413806
-0.390759   -0.229822   -0.260525
0.0744854   -0.158134   0.0546515
0.319163   0.0351954   -0.176144
-0.260813   0.062177   0.34307
-0.346768   0.238422   0.170085
0.031517   0.0513273   -0.490774
-0.37304   0.00412529   0.29038
-0.418213   0.174594   -0.304833
-0.368123   -0.497625   -0.114304
0.0421281   0.0207359   -0.139864
0.117192   -0.186093   0.229797
-0.482995   0.270654   0.456362
-0.307688   0.150925   0.0620848
-0.216688   0.42004   -0.143572
0.438442   -0.222201   0.121394
0.361705   -0.48908   -0.043861
-0.369505   0.302296   0.144858
0.339865   -0.22453   0.01987
