-0.227208   -0.450886   0.413794
-0.0705354   -0.113815   0.139086
0.346312   -0.0903363   0.0745072
0.44291   0.141574   -0.198812
-0.315357   -0.394429   -0.112692
-0.354733   -0.196854   -0.399546
0.429911   -0.215307   -0.0305582
-0.262674   0.425782   0.250182
-0.211722   0.322112   0.314062
0.0505504   -0.491501   0.0843304
0.313128   -0.150568   -0.315633
0.179039   -0.380823   -0.322026
-0.367062   0.0373478   0.290373
-0.107523   0.112786   -0.217867
0.351088   0.454817   0.41195
-0.32438   -0.18942   0.379919
0.309532   0.404514   0.460834
-0.371631   0.367324   0.146361
0.05371   -0.000137634   -0.186595
0.215566   -0.071992   0.17293
0.144544   0.108738   -0.145988
0.0291372   -0.105808   -0.187302
0.145602   0.0236373   -0.123595
-0.475937   -0.162855   0.183942
-0.288113   0.252031   -0.243903
-0.229549   0.0269712   -0.388429
-0.448741   0.347902   0.348623
0.0784483   -0.463069   -0.247576
0.0154323   -0.0987284   0.104966
-0.100466   -0.498368   -0.301729
-0.197593   0.285282   -0.39429
0.192752   0.0615187   -0.026636
-0.459328   0.115496   -0.428447
0.364105   -0.496322   0.483881
-0.26759   -0.145104   -0.407293
-0.241369   0.179905   -0.308297
-0.158227   -0.41583   -0.229224
0.370192   -0.464396   -0.334022
0.110625   -0.0709472   0.0562917
0.468404   0.129623   0.226916
0.398257   0.243181   -0.0378709
0.0892313   0.436431   0.0265288
0.160766   -0.477377   0.392028
-0.0265523   0.299155   -0.285237
0.19509   0.491611   -0.0963891
0.187833   0.198066   0.0625111
0.13167   -0.369274   -0.406053
0.121165   -0.24726   0.0956641
0.217105   -0.392145   0.0402241
0.138904   0.0391595   0.0218451
-0.450372   0.194588   -0.171968
0.164541   -0.201026   -0.47049
0.271666   0.420063   -0.46907
0.195711   -0.28137   -0.239781
0.496024   -0.276893   -0.247069
-0.411253   0.359331   -0.33587
-0.343333   0.281431   0.103783
0.0432688   -0.351872   -0.398388
-0.260366   0.0405206   -0.186681
0.317981   -0.125963   0.365402
0.27234   0.130681   -0.0489453
-0.373277   0.27042   -0.174485
0.184482   0.34006   0.0273493
0.170461   0.238955   0.348688
0.206361   0.201846   -0.430216
0.136835   -0.335696   -0.484138
0.255091   -0.269975   0.109477
0.0603471   0.161086   0.291743
-0.0399551   0.241262   -0.40869
-0.426264   -0.232376   0.259142
0.481411   -0.0708946   -0.0176433
-0.0718233   0.4804   -0.147953
-0.165868   -0.464533   0.131503
-0.0942296   -0.215733   0.107505
-0.491589   -0.139458   -0.22924
-0.458376   -0.00831694   0.169463
-0.199907   -0.078308   0.11097
-0.199918   -0.363735   0.126496
-0.264471   -0.269212   -0.0832448
0.103159   0.302097   0.392895
0.243929   0.384216   0.29154
-0.367205   0.338458   -0.141193
0.377611   -0.236661   -0.499741
-0.250092   -0.376405   0.443441
0.202775   -0.378131   0.282371
-0.259696   0.101896   0.288796
-0.297947   -0.236319   -0.282857
-0.316188   0.0508549   -0.0311753
-0.222588   -0.459608   -0.00688191
-0.121976   0.422586   0.108054
0.499012   -0.323664   0.252047
-0.0164057   -0.0589835   0.190115
0.268403   -0.101318   0.105859
-0.215424   -0.0210727   0.438708
0.452102   -0.156181   -0.150472
0.368106   -0.183602   -0.200304
-0.231842   0.386778   -0.121261
-0.280462   0.342205   0.446524
-0.111635   -0.142363   -0.384042
-0.465212   0.446101   0.190221
-0.161313   0.46917   -0.477054
-0.336105   0.141587   0.238649
-0.467019   0.273477   -0.166149
0.0693371   0.354916   -0.271923
-0.442368   0.165935   0.243053
-0.240241   0.321959   -0.185754
0.196156   0.134875   0.451448
0.258347   -0.0219466   0.101759
