-0.0318404
-0.03185
-0.0318659
-0.0318881
-0.0319166
-0.0319515
-0.0319926
-0.03204
-0.0320938
-0.0321539
-0.0322204
-0.0322932
-0.0323749
-0.0324679
-0.0325677
-0.0326742
-0.0328018
-0.0329271
-0.033069
-0.033223
-0.0333749
-0.0335414
-0.0337059
-0.0338899
-0.0340914
-0.0342915
-0.0345044
-0.034721
-0.0349459
-0.03517
-0.0354122
-0.0356611
-0.0359072
-0.0361745
-0.036449
-0.0367333
-0.0370205
-0.0373158
-0.0376193
-0.0379384
-0.0382546
-0.0385869
-0.038936
-0.039314
-0.039681
-0.0400634
-0.0404642
-0.0408767
-0.0413061
-0.0417411
-0.0421918
-0.0426683
-0.0431522
-0.0436632
-0.0441996
-0.044748
-0.0453163
-0.0459007
-0.0465138
-0.0471495
-0.0478065
-0.0484811
-0.0491839
-0.0499161
-0.0506815
-0.0514696
-0.0522891
-0.0531367
-0.0540285
-0.0549426
-0.0559046
-0.0569095
-0.0579452
-0.0590449
-0.0601923
-0.0613828
-0.0626217
-0.0639143
-0.0652615
-0.0666737
-0.0681571
-0.069713
-0.0713478
-0.0730513
-0.0748469
-0.0767153
-0.0786822
-0.08075
-0.0829134
-0.0851816
-0.0875607
-0.0900493
-0.0926496
-0.095365
-0.0981992
-0.101139
-0.104182
-0.107317
-0.110533
-0.113791
-0.117051
-0.120263
-0.123368
-0.126272
-0.128837
-0.130939
-0.13239
-0.133
-0.13258
-0.130997
-0.12815
-0.124176
-0.119416
-0.114495
-0.110264
-0.107627
-0.107293
-0.109565
-0.114275
-0.120844
-0.128413
-0.136078
-0.142988
-0.148534
-0.152413
-0.154753
-0.156123
-0.157439
-0.159726
-0.163821
-0.170005
-0.177906
-0.186657
-0.195208
-0.202644
-0.208333
-0.211995
-0.213644
-0.213532
-0.212086
-0.209797
-0.207124
-0.204456
-0.202007
-0.199857
-0.197946
-0.196165
-0.194419
-0.192601
-0.190606
-0.18836
-0.185966
-0.183784
-0.1824
-0.182506
-0.184639
-0.188975
-0.195341
-0.203219
-0.21195
-0.220852
-0.229283
-0.236715
-0.242757
-0.247181
-0.249905
-0.25104
-0.250837
-0.249644
-0.247895
-0.246066
-0.244592
-0.243868
-0.244116
-0.245429
-0.24772
-0.250791
-0.254334
-0.258041
-0.26161
-0.264808
-0.267489
-0.269591
-0.271166
-0.27231
-0.273172
-0.273885
-0.274549
-0.275201
-0.275839
-0.276441
-0.276986
-0.277492
-0.278015
-0.278587
-0.279273
-0.280074
-0.280988
-0.28196
-0.282941
-0.283894
-0.284816
-0.285706
-0.286601
-0.287582
-0.288724
-0.290073
-0.291666
-0.29352
-0.295614
-0.297898
-0.300284
-0.302697
-0.305035
-0.307193
-0.309082
-0.310595
-0.31166
-0.312209
-0.312183
-0.311585
-0.310441
-0.308844
-0.30694
-0.30491
-0.302969
-0.301257
-0.299861
-0.298724
-0.29767
-0.296419
-0.294678
-0.292212
-0.28893
-0.284926
-0.280564
-0.27647
-0.273476
-0.272435
-0.273968
-0.27825
-0.284884
-0.292997
-0.301512
-0.30932
-0.315508
-0.319366
-0.320371
-0.318255
-0.31316
-0.305797
-0.297653
-0.290851
-0.287484
-0.288706
-0.294171
-0.302333
-0.311207
-0.319057
-0.324633
-0.327164
-0.326237
-0.321691
-0.313635
-0.302508
-0.289198
-0.275107
-0.262127
-0.252319
-0.247415
-0.248294
-0.254635
-0.265115
-0.277818
-0.290842
-0.302716
-0.312594
-0.320129
-0.325454
-0.328882
-0.330871
-0.33186
-0.332254
-0.332374
-0.332436
-0.332576
-0.332812
-0.333168
-0.333619
-0.334118
-0.334638
-0.335178
-0.335732
-0.33629
-0.336863
-0.337451
-0.338019
-0.338553
-0.338978
-0.33921
-0.339107
-0.338514
-0.337206
-0.334933
-0.331438
-0.326517
-0.320129
-0.312495
-0.304262
-0.296481
-0.290398
-0.287022
-0.286652
-0.288822
-0.292484
-0.296567
-0.30024
-0.303086
-0.305
-0.306087
-0.306571
-0.306738
-0.306828
-0.307025
-0.307406
-0.307996
-0.308707
-0.309407
-0.30996
-0.310254
-0.310227
-0.309928
-0.309447
-0.308964
-0.308651
-0.30861
-0.308891
-0.309443
-0.31015
-0.310824
-0.311316
-0.311529
-0.311378
-0.310899
-0.310137
-0.309224
-0.308262
-0.307394
-0.306702
-0.30624
-0.306025
-0.306033
-0.306229
-0.306553
-0.306969
-0.307429
-0.307928
-0.308471
-0.309057
-0.309713
-0.310438
-0.311202
-0.311974
-0.312659
-0.313176
-0.313402
-0.313175
-0.312311
-0.310591
-0.307815
-0.303772
-0.298295
-0.291306
-0.282922
-0.273571
-0.264021
-0.255427
-0.249132
-0.246329
-0.247713
-0.253229
-0.26203
-0.272836
-0.284301
-0.295301
-0.305058
-0.313162
-0.319466
-0.323914
-0.32658
-0.327503
-0.326738
-0.324334
-0.320366
-0.31502
-0.308645
-0.301787
-0.295113
-0.289283
-0.28477
-0.281698
-0.279902
-0.279022
-0.278723
-0.278842
-0.279343
-0.280283
-0.28169
-0.283528
-0.285657
-0.287911
-0.290112
-0.292145
-0.293951
-0.295532
-0.296916
-0.298169
-0.299315
-0.300415
-0.301458
-0.302459
-0.303406
-0.30429
-0.305104
-0.305834
-0.306468
-0.307015
-0.307492
-0.307872
-0.308206
-0.308472
-0.308702
-0.308893
-0.309043
-0.309173
-0.309252
-0.309281
-0.309244
-0.30913
-0.308917
-0.308578
-0.308099
-0.307435
-0.306575
-0.305476
-0.304146
-0.302588
-0.300809
-0.298884
-0.296867
-0.294886
-0.293068
-0.291531
-0.290388
-0.289668
-0.289337
-0.28931
-0.289437
-0.28958
-0.289591
-0.289361
-0.288847
-0.288051
-0.287056
-0.285973
-0.284934
-0.284127
-0.283688
-0.283735
-0.284333
-0.285458
-0.287041
-0.288946
-0.290979
-0.292967
-0.294733
-0.296159
-0.29716
-0.297745
-0.297968
-0.297902
-0.297644
-0.297281
-0.296843
-0.296313
-0.295649
-0.294729
-0.293484
-0.291876
-0.289908
-0.287714
-0.285424
-0.283242
-0.281355
-0.279936
-0.279069
-0.278756
-0.278924
-0.279419
-0.280025
-0.280574
-0.280961
-0.281163
-0.281278
-0.281528
-0.282135
-0.283253
-0.284887
-0.28692
-0.289145
-0.29136
-0.293342
-0.294962
-0.296111
-0.296716
-0.296746
-0.296216
-0.295196
-0.29386
-0.292428
-0.291142
-0.290184
-0.289703
-0.289775
-0.290426
-0.291681
-0.293638
-0.296347
-0.299834
-0.30402
-0.308706
-0.313571
-0.318291
-0.322573
-0.326178
-0.32895
-0.330772
-0.331606
-0.331431
-0.330284
-0.328215
-0.325368
-0.321942
-0.318182
-0.31441
-0.310906
-0.307868
-0.305462
-0.303778
-0.302834
-0.302593
-0.302927
-0.303652
-0.304444
-0.304931
-0.304728
-0.303561
-0.301315
-0.298078
-0.294192
-0.290149
-0.286522
-0.28381
-0.282307
-0.282001
-0.282664
-0.283866
-0.285169
-0.286252
-0.286952
-0.287307
-0.287547
-0.287999
-0.288898
-0.290417
-0.292465
-0.294865
-0.297391
-0.29995
-0.30256
-0.30535
-0.308463
-0.311864
-0.315434
-0.318929
-0.322072
-0.324611
-0.326414
-0.327388
-0.327518
-0.326811
-0.325314
-0.323066
-0.320105
-0.316482
-0.31226
-0.307564
-0.302602
-0.297637
-0.293052
-0.289259
-0.286653
-0.285522
-0.285944
-0.287754
-0.290649
-0.294223
-0.298089
-0.301934
-0.305545
-0.308794
-0.311623
-0.314027
-0.316028
-0.317664
-0.318966
-0.319965
-0.320669
-0.321113
-0.321294
-0.321212
-0.320884
-0.32035
-0.319673
-0.31896
-0.318359
-0.318043
-0.318193
-0.318957
-0.320427
-0.322566
-0.325236
-0.328202
-0.331166
-0.333768
-0.335643
-0.336403
-0.335646
-0.333017
-0.328233
-0.321195
-0.312122
-0.301657
-0.290882
-0.281087
-0.273577
-0.269581
-0.270121
-0.275552
-0.285131
-0.296877
-0.308421
-0.317814
-0.3239
-0.326203
-0.324625
-0.319249
-0.310362
-0.298837
-0.286519
-0.27637
-0.271676
-0.274297
-0.283391
-0.295987
-0.308805
-0.319626
-0.327574
-0.332666
-0.335349
-0.336193
-0.335691
-0.334268
-0.332246
-0.329887
-0.327417
-0.325063
-0.323116
-0.321827
-0.321433
-0.322035
-0.323575
-0.325839
-0.328512
-0.331234
-0.333673
-0.335584
-0.336805
-0.337198
-0.336645
-0.335013
-0.332143
-0.327864
-0.322061
-0.314759
-0.306288
-0.297409
-0.289272
-0.28326
-0.280498
-0.281417
-0.285544
-0.291772
-0.298781
-0.305514
-0.311291
-0.315818
-0.319122
-0.321344
-0.322736
-0.323519
-0.323882
-0.323974
-0.323877
-0.323573
-0.323034
-0.322201
-0.321024
-0.319506
-0.317748
-0.315917
-0.314258
-0.313034
-0.312444
-0.31255
-0.313298
-0.314553
-0.316171
-0.318004
-0.319944
-0.32189
-0.323673
-0.325101
-0.325963
-0.32602
-0.325146
-0.323321
-0.320699
-0.317564
-0.314349
-0.311475
-0.309338
-0.308165
-0.308019
-0.308798
-0.310314
-0.31234
-0.314621
-0.316888
-0.318931
-0.320554
-0.321696
-0.322339
-0.32259
-0.322557
-0.322424
-0.322376
-0.322532
-0.323038
-0.323952
-0.325259
-0.326881
-0.328637
-0.330316
-0.331706
-0.332622
-0.332929
-0.332548
-0.331472
-0.329771
-0.327577
-0.325075
-0.322534
-0.320233
-0.318429
-0.317309
-0.31696
-0.317355
-0.318397
-0.319943
-0.321889
-0.324101
-0.326441
-0.328824
-0.331129
-0.333237
-0.335022
-0.336398
-0.337274
-0.337591
-0.337294
-0.336363
-0.334799
-0.332635
-0.329871
-0.326583
-0.322869
-0.318848
-0.314674
-0.310505
-0.306526
-0.302885
-0.299705
-0.29709
-0.295038
-0.293509
-0.292431
-0.291741
-0.291402
-0.291477
-0.292064
-0.293293
-0.295226
-0.297799
-0.300851
-0.304118
-0.307314
-0.310191
-0.312591
-0.314448
-0.315735
-0.31652
-0.316901
-0.31698
-0.316858
-0.316629
-0.316381
-0.316155
-0.316006
-0.315924
-0.315917
-0.315954
-0.316005
-0.316029
-0.315961
-0.315762
-0.315379
-0.31474
-0.31382
-0.312584
-0.311022
-0.309174
-0.307134
-0.30502
-0.303021
-0.301354
-0.300254
-0.299896
-0.30036
-0.301623
-0.303498
-0.305709
-0.307845
-0.309449
-0.310018
-0.309072
-0.30612
-0.300772
-0.292864
-0.282656
-0.270992
-0.25948
-0.250308
-0.245647
-0.246769
-0.253259
-0.263054
-0.273264
-0.281293
-0.285513
-0.285414
-0.281592
-0.275502
-0.269256
-0.264924
-0.263947
-0.266529
-0.271752
-0.278146
-0.284325
-0.289455
-0.293318
-0.296212
-0.298692
-0.301297
-0.304383
-0.308015
-0.312035
-0.316198
-0.320251
-0.324013
-0.327389
-0.330347
-0.332872
-0.334989
-0.336692
-0.337971
-0.338798
-0.339091
-0.338758
-0.337681
-0.335708
-0.332707
-0.328594
-0.32338
-0.317238
-0.310552
-0.303861
-0.297658
-0.29217
-0.287093
-0.281722
-0.275219
-0.267267
-0.258591
-0.251234
-0.247875
-0.250482
-0.258961
-0.271275
-0.284708
-0.297057
-0.30714
-0.314638
-0.31974
-0.32284
-0.324394
-0.324814
-0.324489
-0.323783
-0.323025
-0.322534
-0.322564
-0.323252
-0.324626
-0.326569
-0.328852
-0.331206
-0.333379
-0.335173
-0.336435
-0.337096
-0.33711
-0.336443
-0.335084
-0.332991
-0.330089
-0.326322
-0.321578
-0.315795
-0.308967
-0.301197
-0.292764
-0.284131
-0.275892
-0.268705
-0.263071
-0.259275
-0.257299
-0.256913
-0.257759
-0.259433
-0.261539
-0.263693
-0.26561
-0.267106
-0.268156
-0.268843
-0.269383
-0.270027
-0.270997
-0.272456
-0.274435
-0.276873
-0.279627
-0.282513
-0.285327
-0.287934
-0.290236
-0.292144
-0.293645
-0.294755
-0.295512
-0.295965
-0.296159
-0.296142
-0.295957
-0.295642
-0.295221
-0.294701
-0.294092
-0.293408
-0.292611
-0.291685
-0.290571
-0.28922
-0.287559
-0.285511
-0.283028
-0.280032
