1.8
1.80001
1.80003
1.80005
1.80008
1.80011
1.80015
1.8002
1.80025
1.80031
1.80038
1.80045
1.80053
1.80061
1.8007
1.8008
1.80091
1.80102
1.80114
1.80127
1.8014
1.80154
1.80169
1.80185
1.80202
1.80219
1.80237
1.80256
1.80276
1.80297
1.80318
1.80341
1.80364
1.80388
1.80413
1.8044
1.80467
1.80495
1.80524
1.80555
1.80586
1.80619
1.80653
1.80688
1.80724
1.80762
1.80801
1.80841
1.80883
1.80926
1.80971
1.81018
1.81066
1.81116
1.81168
1.81221
1.81277
1.81335
1.81395
1.81457
1.81521
1.81588
1.81658
1.8173
1.81805
1.81883
1.81964
1.82049
1.82137
1.82228
1.82324
1.82423
1.82526
1.82635
1.82747
1.82865
1.82988
1.83117
1.83252
1.83392
1.8354
1.83694
1.83856
1.84026
1.84203
1.8439
1.84585
1.8479
1.85005
1.85231
1.85467
1.85715
1.85974
1.86244
1.86526
1.86819
1.87122
1.87435
1.87755
1.8808
1.88406
1.88728
1.8904
1.89331
1.89592
1.89807
1.89959
1.9003
1.9
1.89852
1.8958
1.89193
1.88722
1.88228
1.87794
1.87511
1.87452
1.87653
1.88102
1.88743
1.89494
1.90263
1.90965
1.91535
1.9194
1.92188
1.92331
1.92458
1.92673
1.93063
1.93661
1.94436
1.95307
1.96169
1.96927
1.97515
1.97903
1.98088
1.98094
1.97961
1.97737
1.97472
1.97204
1.96957
1.96738
1.96543
1.96363
1.96189
1.96009
1.95811
1.95589
1.9535
1.95126
1.94977
1.9497
1.95162
1.95575
1.96192
1.96968
1.97835
1.98727
1.99578
2.00333
2.00952
2.01411
2.017
2.01828
2.0182
2.01708
2.01537
2.01352
2.012
2.01118
2.01132
2.01252
2.01472
2.01772
2.02124
2.02494
2.02854
2.03178
2.03451
2.03666
2.03828
2.03946
2.04034
2.04106
2.04172
2.04238
2.04302
2.04362
2.04418
2.04469
2.04521
2.04578
2.04645
2.04724
2.04815
2.04912
2.0501
2.05106
2.05198
2.05287
2.05377
2.05475
2.05586
2.05719
2.05875
2.06058
2.06265
2.06491
2.06729
2.06971
2.07206
2.07424
2.07615
2.07771
2.07882
2.07942
2.07947
2.07893
2.07784
2.07628
2.0744
2.07237
2.07039
2.06865
2.06723
2.06607
2.06502
2.0638
2.06212
2.05974
2.05654
2.05259
2.04824
2.04409
2.04095
2.03968
2.04094
2.04496
2.05139
2.0594
2.06792
2.07584
2.08223
2.08634
2.08764
2.08584
2.08102
2.07383
2.06568
2.05865
2.05487
2.05562
2.06071
2.06869
2.07758
2.08559
2.09144
2.0943
2.09372
2.08953
2.08181
2.07096
2.05781
2.04372
2.03054
2.02032
2.01486
2.01515
2.02099
2.03114
2.04371
2.05678
2.06882
2.07891
2.08669
2.09222
2.09582
2.09792
2.09899
2.09943
2.09957
2.09964
2.09975
2.09998
2.10033
2.10076
2.10125
2.10178
2.10232
2.10287
2.10344
2.10401
2.1046
2.10518
2.10572
2.10616
2.10641
2.10635
2.10581
2.10458
2.10241
2.09905
2.09428
2.08802
2.08049
2.07227
2.06439
2.05808
2.05441
2.05375
2.05569
2.05926
2.06334
2.06709
2.07003
2.07203
2.07318
2.07372
2.07392
2.07401
2.07419
2.07456
2.07513
2.07583
2.07654
2.07711
2.07743
2.07744
2.07716
2.0767
2.0762
2.07585
2.07578
2.07603
2.07656
2.07726
2.07795
2.07847
2.07871
2.07861
2.07815
2.07742
2.07652
2.07556
2.07467
2.07396
2.07347
2.07324
2.07323
2.07341
2.07372
2.07412
2.07457
2.07507
2.07561
2.0762
2.07685
2.07757
2.07833
2.07909
2.0798
2.08035
2.08061
2.08043
2.07963
2.07801
2.07535
2.07145
2.06611
2.05926
2.05101
2.04172
2.03215
2.02341
2.01682
2.01363
2.01458
2.0197
2.02822
2.03889
2.05034
2.06142
2.07133
2.07961
2.08608
2.09072
2.09356
2.09466
2.09407
2.09182
2.088
2.08277
2.07648
2.06964
2.06292
2.05699
2.05233
2.04913
2.04722
2.04626
2.04592
2.04599
2.04645
2.04734
2.04869
2.05049
2.0526
2.05486
2.05707
2.05912
2.06095
2.06255
2.06395
2.06521
2.06638
2.06748
2.06853
2.06954
2.07049
2.07138
2.07219
2.07292
2.07356
2.07412
2.07459
2.075
2.07533
2.07562
2.07585
2.07605
2.07621
2.07633
2.07642
2.07645
2.07643
2.07632
2.07612
2.07579
2.07532
2.07468
2.07384
2.07277
2.07147
2.06993
2.06817
2.06625
2.06424
2.06225
2.06041
2.05884
2.05765
2.05688
2.05651
2.05646
2.05658
2.05673
2.05676
2.05655
2.05606
2.05529
2.05431
2.05321
2.05217
2.05133
2.05084
2.05084
2.05138
2.05246
2.054
2.05587
2.0579
2.0599
2.0617
2.06316
2.06421
2.06484
2.06509
2.06504
2.0648
2.06444
2.06402
2.06351
2.06285
2.06195
2.06074
2.05916
2.05724
2.05506
2.05278
2.05058
2.04866
2.04718
2.04626
2.0459
2.04603
2.0465
2.04711
2.04768
2.04808
2.04829
2.04841
2.04864
2.04921
2.05027
2.05186
2.05386
2.05609
2.0583
2.06032
2.06198
2.06317
2.06384
2.06392
2.06344
2.06248
2.06117
2.05975
2.05843
2.05743
2.05691
2.05692
2.05751
2.05871
2.06059
2.06322
2.06663
2.07076
2.0754
2.08026
2.08502
2.08936
2.09304
2.0959
2.09782
2.09875
2.09868
2.09762
2.09565
2.09288
2.0895
2.08577
2.08199
2.07843
2.07534
2.07287
2.07111
2.07009
2.06978
2.07007
2.07076
2.07157
2.0721
2.07198
2.07092
2.06877
2.06562
2.06178
2.05773
2.05404
2.05122
2.04958
2.04917
2.04975
2.05092
2.05224
2.05335
2.05408
2.05446
2.0547
2.0551
2.05595
2.0574
2.05941
2.06179
2.06432
2.06687
2.06947
2.07225
2.07532
2.0787
2.08227
2.08579
2.08897
2.09159
2.09346
2.09451
2.09472
2.0941
2.09268
2.09051
2.08763
2.08407
2.07991
2.07526
2.07031
2.06532
2.06067
2.05678
2.05405
2.05277
2.05304
2.05472
2.05753
2.06105
2.06491
2.06877
2.07241
2.07569
2.07856
2.08101
2.08305
2.08472
2.08605
2.08707
2.08781
2.08827
2.08847
2.08841
2.08811
2.0876
2.08693
2.08622
2.0856
2.08525
2.08534
2.08604
2.08743
2.08951
2.09214
2.0951
2.09808
2.10073
2.10269
2.10357
2.10298
2.10056
2.096
2.08917
2.08028
2.06992
2.05912
2.04916
2.04136
2.03697
2.03702
2.04198
2.05121
2.06285
2.07451
2.08419
2.09064
2.09334
2.09215
2.08713
2.07858
2.06725
2.0549
2.04439
2.03903
2.0409
2.04946
2.06186
2.07478
2.08587
2.09411
2.09946
2.10236
2.10337
2.10299
2.10165
2.09967
2.09733
2.09486
2.09249
2.09048
2.08911
2.08862
2.08911
2.09057
2.09278
2.09543
2.09816
2.10065
2.10263
2.10392
2.1044
2.10395
2.10243
2.09969
2.09556
2.08991
2.08275
2.07437
2.06549
2.05721
2.05092
2.0478
2.04835
2.0522
2.05826
2.06526
2.07205
2.07794
2.08261
2.08603
2.08836
2.08982
2.09065
2.09105
2.09117
2.09108
2.0908
2.09028
2.08948
2.08834
2.08687
2.08513
2.08329
2.08161
2.08034
2.07967
2.07971
2.0804
2.08162
2.0832
2.08502
2.08696
2.0889
2.09072
2.0922
2.09312
2.09326
2.09249
2.09076
2.08821
2.08511
2.08188
2.07895
2.07673
2.07546
2.07521
2.0759
2.07736
2.07934
2.0816
2.08389
2.08596
2.08763
2.08882
2.08951
2.08979
2.08978
2.08965
2.08957
2.0897
2.09017
2.09105
2.09233
2.09392
2.09567
2.09737
2.0988
2.09977
2.10014
2.09984
2.09884
2.09721
2.09506
2.09258
2.09004
2.0877
2.08583
2.08463
2.0842
2.08452
2.08551
2.08702
2.08892
2.0911
2.09344
2.09583
2.09814
2.10027
2.1021
2.10352
2.10446
2.10483
2.1046
2.10373
2.10223
2.1001
2.09739
2.09415
2.09047
2.08647
2.0823
2.07812
2.07411
2.07043
2.0672
2.06453
2.06242
2.06084
2.05973
2.05899
2.05862
2.05865
2.05918
2.06034
2.06219
2.0647
2.06771
2.07097
2.07418
2.07711
2.07957
2.08147
2.08282
2.08365
2.08407
2.08418
2.08408
2.08386
2.08361
2.08339
2.08322
2.08313
2.08311
2.08315
2.0832
2.08322
2.08317
2.08299
2.08262
2.08201
2.08112
2.07991
2.07838
2.07656
2.07453
2.07242
2.0704
2.0687
2.06753
2.06709
2.06747
2.06865
2.07047
2.07266
2.07482
2.0765
2.0772
2.07643
2.07369
2.06859
2.06094
2.05093
2.03936
2.02774
2.01823
2.01304
2.01357
2.0196
2.02918
2.03948
2.04782
2.05245
2.05277
2.04926
2.04331
2.03696
2.03236
2.03102
2.03327
2.03829
2.04463
2.05087
2.05613
2.06011
2.06308
2.06557
2.06814
2.07117
2.07475
2.07874
2.08291
2.08698
2.09078
2.0942
2.0972
2.09978
2.10194
2.10369
2.10501
2.10588
2.10623
2.10596
2.10496
2.10309
2.1002
2.0962
2.09109
2.08502
2.07837
2.07166
2.06539
2.05983
2.05474
2.04944
2.04308
2.03526
2.02659
2.01898
2.01512
2.01708
2.02504
2.03709
2.05052
2.06304
2.07338
2.08114
2.08646
2.08975
2.09143
2.09195
2.09169
2.09101
2.09024
2.0897
2.08966
2.09028
2.09159
2.09348
2.09574
2.09809
2.1003
2.10213
2.10345
2.10418
2.10426
2.10367
2.10238
2.10036
2.09755
2.09387
2.08923
2.08356
2.07683
2.06915
2.06077
2.05212
2.04382
2.03649
2.03069
2.02671
2.02456
2.02403
2.02477
2.02638
2.02846
2.03063
2.03259
2.03414
2.03523
2.03595
2.03649
2.03712
2.03805
2.03946
2.04139
2.04379
2.04652
2.0494
2.05224
2.05487
2.0572
2.05914
2.06068
2.06184
2.06263
2.06311
2.06333
2.06333
2.06316
2.06286
2.06244
2.06194
2.06135
2.06067
2.05989
2.05897
2.05788
2.05655
2.05492
2.05292
2.05047
2.04753
