1.2
1.20001
1.20002
1.20003
1.20005
1.20007
1.2001
1.20013
1.20017
1.20021
1.20025
1.2003
1.20035
1.20041
1.20047
1.20054
1.20061
1.20068
1.20076
1.20085
1.20094
1.20103
1.20113
1.20123
1.20134
1.20146
1.20158
1.20171
1.20184
1.20198
1.20212
1.20227
1.20243
1.20259
1.20276
1.20293
1.20311
1.2033
1.2035
1.2037
1.20391
1.20413
1.20435
1.20458
1.20483
1.20508
1.20534
1.20561
1.20589
1.20617
1.20647
1.20678
1.20711
1.20744
1.20778
1.20814
1.20851
1.2089
1.2093
1.20971
1.21014
1.21059
1.21105
1.21153
1.21203
1.21255
1.2131
1.21366
1.21424
1.21485
1.21549
1.21615
1.21684
1.21756
1.21832
1.2191
1.21992
1.22078
1.22168
1.22262
1.2236
1.22463
1.22571
1.22684
1.22802
1.22926
1.23057
1.23194
1.23337
1.23487
1.23645
1.2381
1.23982
1.24163
1.24351
1.24546
1.24748
1.24956
1.2517
1.25386
1.25604
1.25819
1.26026
1.26221
1.26395
1.26538
1.2664
1.26687
1.26666
1.26568
1.26387
1.26129
1.25815
1.25485
1.25196
1.25007
1.24968
1.25102
1.25401
1.25828
1.26329
1.26842
1.2731
1.2769
1.2796
1.28125
1.2822
1.28305
1.28449
1.28708
1.29107
1.29624
1.30205
1.30779
1.31284
1.31677
1.31935
1.32058
1.32062
1.31974
1.31825
1.31648
1.31469
1.31304
1.31158
1.31029
1.30909
1.30793
1.30672
1.30541
1.30392
1.30233
1.30084
1.29985
1.2998
1.30108
1.30383
1.30795
1.31312
1.3189
1.32485
1.33052
1.33555
1.33968
1.34274
1.34466
1.34552
1.34546
1.34472
1.34358
1.34235
1.34133
1.34078
1.34088
1.34168
1.34315
1.34515
1.34749
1.34996
1.35236
1.35452
1.35634
1.35778
1.35885
1.35964
1.36022
1.36071
1.36115
1.36158
1.36201
1.36241
1.36278
1.36313
1.36347
1.36385
1.3643
1.36483
1.36543
1.36608
1.36674
1.36738
1.36799
1.36858
1.36918
1.36983
1.37058
1.37146
1.3725
1.37372
1.3751
1.3766
1.37819
1.3798
1.38137
1.38283
1.3841
1.38514
1.38588
1.38628
1.38631
1.38595
1.38523
1.38419
1.38293
1.38158
1.38026
1.3791
1.37815
1.37738
1.37668
1.37587
1.37475
1.37316
1.37102
1.3684
1.3655
1.36273
1.36063
1.35978
1.36063
1.36331
1.36759
1.37293
1.37861
1.38389
1.38815
1.3909
1.39176
1.39056
1.38735
1.38255
1.37712
1.37244
1.36991
1.37041
1.37381
1.37913
1.38505
1.3904
1.39429
1.3962
1.39581
1.39302
1.38788
1.38064
1.37187
1.36248
1.35369
1.34688
1.34324
1.34343
1.34733
1.35409
1.36248
1.37119
1.37921
1.38594
1.39113
1.39481
1.39721
1.39861
1.39933
1.39962
1.39971
1.39976
1.39984
1.39999
1.40022
1.40051
1.40083
1.40118
1.40155
1.40191
1.40229
1.40267
1.40307
1.40345
1.40381
1.4041
1.40427
1.40424
1.40388
1.40306
1.40161
1.39937
1.39618
1.39202
1.38699
1.38151
1.37626
1.37206
1.3696
1.36917
1.37046
1.37284
1.37556
1.37806
1.38002
1.38135
1.38212
1.38248
1.38261
1.38267
1.38279
1.38304
1.38342
1.38388
1.38436
1.38474
1.38495
1.38496
1.38477
1.38446
1.38414
1.3839
1.38385
1.38402
1.38438
1.38484
1.3853
1.38565
1.38581
1.38574
1.38544
1.38495
1.38434
1.38371
1.38312
1.38264
1.38231
1.38216
1.38215
1.38227
1.38248
1.38275
1.38305
1.38338
1.38374
1.38413
1.38457
1.38504
1.38555
1.38606
1.38653
1.3869
1.38707
1.38695
1.38642
1.38534
1.38357
1.38096
1.37741
1.37284
1.36734
1.36115
1.35477
1.34894
1.34455
1.34242
1.34306
1.34647
1.35215
1.35926
1.36689
1.37428
1.38088
1.38641
1.39072
1.39381
1.39571
1.39644
1.39605
1.39455
1.392
1.38852
1.38432
1.37976
1.37528
1.37132
1.36822
1.36609
1.36481
1.36417
1.36395
1.364
1.3643
1.36489
1.3658
1.36699
1.3684
1.3699
1.37138
1.37275
1.37397
1.37503
1.37597
1.37681
1.37759
1.37832
1.37902
1.37969
1.38033
1.38092
1.38146
1.38195
1.38238
1.38275
1.38306
1.38333
1.38356
1.38374
1.3839
1.38403
1.38414
1.38422
1.38428
1.3843
1.38428
1.38421
1.38408
1.38386
1.38355
1.38312
1.38256
1.38185
1.38098
1.37995
1.37878
1.3775
1.37616
1.37483
1.3736
1.37256
1.37177
1.37125
1.37101
1.37097
1.37105
1.37115
1.37117
1.37104
1.37071
1.3702
1.36954
1.36881
1.36811
1.36755
1.36723
1.36723
1.36759
1.3683
1.36933
1.37058
1.37194
1.37327
1.37446
1.37544
1.37614
1.37656
1.37672
1.37669
1.37653
1.3763
1.37601
1.37567
1.37523
1.37464
1.37383
1.37278
1.37149
1.37004
1.36852
1.36705
1.36577
1.36479
1.36417
1.36393
1.36402
1.36433
1.36474
1.36512
1.36539
1.36553
1.36561
1.36576
1.36614
1.36685
1.36791
1.36924
1.37072
1.3722
1.37354
1.37465
1.37545
1.37589
1.37595
1.37563
1.37498
1.37412
1.37316
1.37229
1.37162
1.37127
1.37128
1.37168
1.37248
1.37373
1.37548
1.37775
1.3805
1.3836
1.38684
1.39001
1.39291
1.39536
1.39726
1.39854
1.39917
1.39912
1.39842
1.3971
1.39525
1.393
1.39052
1.38799
1.38562
1.38356
1.38191
1.38074
1.38006
1.37985
1.38004
1.38051
1.38104
1.3814
1.38132
1.38061
1.37918
1.37708
1.37452
1.37182
1.36936
1.36748
1.36639
1.36611
1.3665
1.36728
1.36816
1.3689
1.36939
1.36964
1.3698
1.37007
1.37064
1.3716
1.37294
1.37453
1.37621
1.37791
1.37965
1.3815
1.38354
1.3858
1.38818
1.39052
1.39265
1.39439
1.39564
1.39634
1.39648
1.39607
1.39512
1.39368
1.39175
1.38938
1.38661
1.38351
1.3802
1.37688
1.37378
1.37119
1.36937
1.36851
1.36869
1.36982
1.37169
1.37404
1.37661
1.37918
1.38161
1.3838
1.38571
1.38734
1.3887
1.38981
1.3907
1.39138
1.39187
1.39218
1.39231
1.39228
1.39207
1.39173
1.39129
1.39081
1.3904
1.39016
1.39023
1.39069
1.39162
1.39301
1.39476
1.39673
1.39872
1.40049
1.40179
1.40238
1.40199
1.40037
1.39733
1.39278
1.38685
1.37994
1.37274
1.36611
1.36091
1.35798
1.35801
1.36132
1.36747
1.37523
1.38301
1.38946
1.39376
1.39556
1.39476
1.39142
1.38572
1.37817
1.36993
1.36292
1.35935
1.3606
1.3663
1.37457
1.38319
1.39058
1.39607
1.39964
1.40158
1.40224
1.40199
1.4011
1.39978
1.39822
1.39657
1.39499
1.39365
1.39274
1.39241
1.39274
1.39371
1.39519
1.39695
1.39878
1.40043
1.40175
1.40261
1.40293
1.40263
1.40162
1.39979
1.39704
1.39327
1.3885
1.38292
1.37699
1.37148
1.36728
1.3652
1.36557
1.36813
1.37218
1.37684
1.38137
1.3853
1.38841
1.39069
1.39224
1.39321
1.39377
1.39403
1.39411
1.39405
1.39386
1.39352
1.39299
1.39223
1.39124
1.39008
1.38886
1.38774
1.38689
1.38645
1.38647
1.38693
1.38775
1.3888
1.39001
1.39131
1.3926
1.39381
1.3948
1.39541
1.39551
1.39499
1.39384
1.39214
1.39008
1.38792
1.38597
1.38449
1.38364
1.38347
1.38394
1.3849
1.38623
1.38774
1.38926
1.39064
1.39176
1.39255
1.39301
1.39319
1.39318
1.3931
1.39305
1.39314
1.39345
1.39403
1.39488
1.39595
1.39712
1.39825
1.3992
1.39985
1.4001
1.39989
1.39923
1.39814
1.3967
1.39506
1.39336
1.3918
1.39055
1.38976
1.38947
1.38968
1.39034
1.39135
1.39262
1.39407
1.39563
1.39722
1.39876
1.40018
1.4014
1.40235
1.40297
1.40322
1.40306
1.40249
1.40149
1.40007
1.39826
1.3961
1.39364
1.39098
1.3882
1.38541
1.38274
1.38028
1.37814
1.37635
1.37495
1.3739
1.37315
1.37266
1.37242
1.37243
1.37279
1.37356
1.37479
1.37647
1.37848
1.38065
1.38279
1.38474
1.38638
1.38765
1.38854
1.3891
1.38938
1.38945
1.38939
1.38924
1.38908
1.38892
1.38881
1.38875
1.38874
1.38876
1.3888
1.38882
1.38878
1.38866
1.38842
1.38801
1.38741
1.38661
1.38559
1.38438
1.38302
1.38161
1.38027
1.37913
1.37835
1.37806
1.37831
1.3791
1.38032
1.38177
1.38321
1.38433
1.3848
1.38428
1.38246
1.37906
1.37396
1.36729
1.35957
1.35183
1.34549
1.34203
1.34238
1.3464
1.35279
1.35965
1.36521
1.3683
1.36851
1.36617
1.36221
1.35798
1.35491
1.35401
1.35551
1.35886
1.36308
1.36725
1.37075
1.37341
1.37539
1.37705
1.37876
1.38078
1.38317
1.38583
1.3886
1.39132
1.39386
1.39614
1.39813
1.39985
1.40129
1.40246
1.40334
1.40392
1.40415
1.40398
1.40331
1.40206
1.40013
1.39747
1.39406
1.39001
1.38558
1.38111
1.37693
1.37322
1.36983
1.36629
1.36205
1.35684
1.35106
1.34599
1.34341
1.34472
1.35002
1.35806
1.36701
1.37536
1.38225
1.38742
1.39098
1.39316
1.39429
1.39463
1.39446
1.394
1.39349
1.39314
1.39311
1.39352
1.39439
1.39565
1.39716
1.39873
1.4002
1.40142
1.4023
1.40279
1.40284
1.40244
1.40159
1.40024
1.39837
1.39592
1.39282
1.38904
1.38455
1.37943
1.37384
1.36808
1.36255
1.35766
1.3538
1.35114
1.34971
1.34935
1.34985
1.35092
1.35231
1.35375
1.35506
1.35609
1.35682
1.3573
1.35766
1.35808
1.3587
1.35964
1.36092
1.36253
1.36435
1.36627
1.36816
1.36992
1.37146
1.37276
1.37379
1.37456
1.37509
1.37541
1.37555
1.37556
1.37544
1.37524
1.37496
1.37463
1.37423
1.37378
1.37326
1.37265
1.37192
1.37103
1.36995
1.36861
1.36698
1.36502
