1.2
1.20001
1.20002
1.20003
1.20005
1.20007
1.2001
1.20013
1.20017
1.20021
1.20025
1.2003
1.20035
1.20041
1.20047
1.20054
1.20061
1.20068
1.20076
1.20085
1.20094
1.20103
1.20113
1.20123
1.20134
1.20146
1.20158
1.20171
1.20184
1.20198
1.20212
1.20227
1.20243
1.20259
1.20276
1.20293
1.20311
1.2033
1.2035
1.2037
1.20391
1.20413
1.20435
1.20458
1.20483
1.20508
1.20534
1.20561
1.20589
1.20617
1.20647
1.20678
1.20711
1.20744
1.20778
1.20814
1.20851
1.2089
1.2093
1.20971
1.21014
1.21059
1.21105
1.21153
1.21203
1.21255
1.2131
1.21366
1.21424
1.21485
1.21549
1.21615
1.21684
1.21756
1.21832
1.2191
1.21992
1.22078
1.22168
1.22262
1.2236
1.22463
1.22571
1.22684
1.22802
1.22926
1.23057
1.23194
1.23337
1.23487
1.23645
1.2381
1.23982
1.24163
1.24351
1.24546
1.24748
1.24956
1.2517
1.25386
1.20202
1.20412
1.20614
1.20804
1.20974
1.21114
1.21216
1.21265
1.21252
1.21165
1.21001
1.20764
1.20474
1.20165
1.19889
1.19701
1.19648
1.19757
1.20024
1.2042
1.20896
1.21396
1.21864
1.22257
1.22548
1.22735
1.22844
1.22927
1.23046
1.23263
1.23609
1.2408
1.24632
1.25204
1.25732
1.26167
1.26479
1.2666
1.26716
1.26668
1.26543
1.26374
1.26189
1.26011
1.25852
1.25715
1.25595
1.25488
1.25384
1.25275
1.25149
1.25002
1.24843
1.247
1.24615
1.24634
1.24794
1.25103
1.25546
1.26087
1.26682
1.27282
1.27847
1.28341
1.28743
1.29038
1.29225
1.2931
1.29308
1.29242
1.29135
1.29015
1.2891
1.28844
1.28832
1.28885
1.28999
1.29167
1.29373
1.29599
1.29825
1.30037
1.30223
1.30374
1.30491
1.30578
1.3064
1.30689
1.3073
1.3077
1.30809
1.30847
1.30881
1.3091
1.30935
1.30956
1.3098
1.3101
1.31047
1.31094
1.2005
1.2011
1.20175
1.20245
1.2032
1.20402
1.20493
1.20597
1.20713
1.20843
1.20985
1.21136
1.21292
1.21448
1.216
1.21743
1.21871
1.2198
1.22066
1.22125
1.22153
1.22149
1.22112
1.22042
1.21946
1.2183
1.21706
1.21587
1.21487
1.21416
1.21375
1.2136
1.21358
1.21351
1.21318
1.21244
1.21116
1.20933
1.20706
1.20458
1.20229
1.20067
1.20019
1.20119
1.20374
1.20762
1.2124
1.21749
1.22232
1.2264
1.22931
1.23073
1.23043
1.22834
1.22464
1.21989
1.21508
1.21146
1.21014
1.21159
1.21547
1.22082
1.22656
1.23174
1.23572
1.23807
1.23858
1.23712
1.23369
1.22841
1.22156
1.21365
1.20542
1.19782
1.19186
1.18839
1.18788
1.19026
1.19499
1.20122
1.20801
1.21458
1.22042
1.22528
1.22913
1.23208
1.23427
1.23586
1.23699
1.23777
1.23826
1.23852
1.23861
1.23857
1.23844
1.23829
1.23814
1.23804
1.23804
1.23814
1.20025
1.20064
1.20114
1.20172
1.20235
1.20298
1.20352
1.20391
1.20404
1.20381
1.20307
1.20168
1.19952
1.19646
1.19251
1.18777
1.1826
1.17752
1.17321
1.17028
1.16902
1.16935
1.17085
1.17297
1.17522
1.17728
1.17898
1.18029
1.18122
1.18185
1.18223
1.18242
1.18247
1.18242
1.18231
1.18216
1.18196
1.18171
1.18141
1.18107
1.18076
1.18056
1.18058
1.18093
1.18166
1.18274
1.18406
1.18549
1.18684
1.18796
1.18874
1.1891
1.18901
1.18849
1.18755
1.18628
1.18474
1.18302
1.18122
1.17944
1.17778
1.17629
1.17502
1.174
1.17325
1.17275
1.1725
1.17251
1.17277
1.17328
1.17406
1.17509
1.17635
1.1778
1.17938
1.18101
1.18258
1.18398
1.18506
1.18568
1.18568
1.18493
1.18331
1.18079
1.17741
1.17339
1.16911
1.16505
1.16174
1.15953
1.15853
1.15859
1.15936
1.16056
1.162
1.16364
1.16551
1.16765
1.17
1.17247
1.20235
1.20465
1.20668
1.20842
1.20985
1.21094
1.21162
1.21181
1.21142
1.21042
1.20884
1.20684
1.20468
1.20265
1.20103
1.19997
1.19942
1.19928
1.19936
1.19955
1.19981
1.20013
1.20052
1.20093
1.20128
1.20149
1.20149
1.20123
1.20071
1.19997
1.19908
1.1981
1.19711
1.19621
1.19548
1.19498
1.19476
1.19487
1.19528
1.19598
1.19689
1.19796
1.19911
1.20028
1.20141
1.20248
1.20346
1.20435
1.20513
1.20582
1.20642
1.20694
1.20737
1.20772
1.20799
1.20818
1.20827
1.20827
1.20816
1.20794
1.20758
1.20709
1.20645
1.20566
1.20476
1.20377
1.20276
1.20182
1.20104
1.20054
1.20039
1.20066
1.20135
1.2024
1.20373
1.2052
1.2067
1.20813
1.20937
1.21037
1.21107
1.21143
1.21141
1.211
1.21018
1.20894
1.20732
1.20536
1.20316
1.20086
1.19863
1.19665
1.19509
1.19404
1.19349
1.1934
1.19363
1.19407
1.19459
1.19515
1.20057
1.20121
1.20194
1.20277
1.20366
1.20456
1.20536
1.20593
1.20618
1.20602
1.20542
1.20441
1.20308
1.20155
1.20001
1.19865
1.19761
1.19699
1.19675
1.19681
1.19704
1.19736
1.19779
1.19842
1.19942
1.20091
1.2029
1.20526
1.20777
1.21021
1.21239
1.21423
1.21572
1.21694
1.21796
1.21887
1.2197
1.22047
1.22115
1.22169
1.22206
1.22225
1.2223
1.22227
1.2223
1.2225
1.223
1.22387
1.22511
1.22664
1.22833
1.22998
1.23144
1.23255
1.23318
1.23326
1.23273
1.23159
1.22984
1.22752
1.22471
1.22148
1.21794
1.21422
1.21046
1.20681
1.20347
1.20064
1.19857
1.19746
1.19748
1.19868
1.20097
1.20412
1.20783
1.21178
1.21576
1.21962
1.22331
1.22681
1.23009
1.23308
1.23568
1.23777
1.23927
1.2401
1.24021
1.2396
1.23831
1.23639
1.23398
1.23131
1.22865
1.22634
1.22463
1.22363
1.22324
1.22314
1.22288
1.22201
1.19815
1.19514
1.19117
1.18665
1.18226
1.17879
1.17704
1.17749
1.18013
1.18445
1.1896
1.19476
1.19934
1.20305
1.20587
1.20787
1.2092
1.20997
1.21026
1.21014
1.20965
1.20887
1.20785
1.20671
1.20552
1.20438
1.20333
1.20238
1.2015
1.20063
1.19969
1.19863
1.19737
1.19591
1.19422
1.19232
1.19022
1.1879
1.18536
1.18257
1.17949
1.17611
1.17244
1.16852
1.16452
1.16071
1.15757
1.15554
1.15486
1.15535
1.15649
1.15772
1.15879
1.15986
1.16139
1.16386
1.16749
1.17217
1.17746
1.18284
1.18777
1.1919
1.19506
1.19722
1.19846
1.19892
1.19874
1.19808
1.19709
1.19588
1.19457
1.19326
1.19202
1.19089
1.18991
1.18908
1.18838
1.18782
1.18736
1.187
1.18673
1.18657
1.1865
1.18653
1.18664
1.18678
1.1869
1.1869
1.18664
1.18597
1.18469
1.18268
1.1799
1.1765
1.1728
1.16922
1.16613
1.1637
1.1621
1.16172
1.20166
1.20584
1.21246
1.22062
1.22907
1.23669
1.2429
1.24753
1.2507
1.25266
1.25364
1.25384
1.25344
1.25257
1.25136
1.24993
1.2484
1.24688
1.24544
1.2441
1.24281
1.24147
1.23994
1.2381
1.23585
1.23317
1.23005
1.22649
1.22252
1.21828
1.21404
1.21037
1.208
1.20763
1.20959
1.21367
1.21922
1.22543
1.23159
1.2372
1.24195
1.24571
1.24843
1.25013
1.25086
1.25071
1.24982
1.2484
1.24669
1.24498
1.24354
1.24261
1.24228
1.24254
1.24323
1.24417
1.24514
1.24597
1.24653
1.24676
1.24664
1.24615
1.2453
1.24408
1.24248
1.24043
1.23781
1.23443
1.23005
1.22452
1.21786
1.2106
1.20385
1.19916
1.19778
1.19992
1.2046
1.21032
1.21579
1.22036
1.2239
1.22657
1.22862
1.23023
1.23155
1.23264
1.23354
1.23428
1.23486
1.23532
1.23566
1.23591
1.23607
1.23615
1.23612
1.23596
1.23562
1.23508
1.23428
1.2332
1.19869
1.1971
1.19538
1.19366
1.1921
1.19084
1.18995
1.18942
1.18915
1.18896
1.18867
1.18815
1.1874
1.18648
1.18561
1.185
1.1849
1.18547
1.18676
1.18871
1.19116
1.19392
1.19678
1.19956
1.20212
1.20435
1.2062
1.20763
1.20866
1.20935
1.20979
1.21008
1.21036
1.21071
1.21119
1.21182
1.21256
1.21335
1.21413
1.21484
1.21547
1.21603
1.2166
1.21729
1.21822
1.2195
1.22122
1.22338
1.22591
1.2287
1.23156
1.23431
1.23676
1.23873
1.24006
1.24059
1.24017
1.23864
1.23584
1.23162
1.22592
1.21877
1.21051
1.20183
1.1938
1.18767
1.18446
1.18451
1.18737
1.1921
1.1977
1.20343
1.20888
1.21384
1.21822
1.22196
1.22499
1.22731
1.22897
1.23013
1.23099
1.23171
1.23235
1.23283
1.23296
1.23249
1.2313
1.22937
1.22686
1.22403
1.22122
1.21874
1.21681
1.21555
1.21503
1.21527
1.21624
1.21786
1.21993
1.22223
1.20204
1.20384
1.20509
1.20571
1.20571
1.2052
1.20437
1.20344
1.20263
1.20206
1.20179
1.20178
1.20192
1.20207
1.20212
1.20197
1.20156
1.20087
1.1999
1.19864
1.19709
1.19517
1.19278
1.18972
1.18575
1.18074
1.17483
1.16868
1.1636
1.16114
1.16229
1.16678
1.17326
1.18009
1.18606
1.19061
1.19371
1.19556
1.19648
1.19675
1.19661
1.19625
1.1958
1.19533
1.19488
1.19443
1.19392
1.19324
1.19228
1.19089
1.18895
1.18644
1.18346
1.18033
1.17755
1.1757
1.17522
1.17624
1.1785
1.18146
1.18458
1.18742
1.18977
1.19156
1.19288
1.19385
1.1946
1.19525
1.1959
1.19662
1.19745
1.19841
1.1995
1.20072
1.20204
1.20344
1.20487
1.2063
1.20768
1.20896
1.21012
1.21109
1.21184
1.21234
1.21256
1.21248
1.21209
1.21141
1.21047
1.20932
1.20803
1.20671
1.20545
1.20436
1.20351
1.20291
1.20257
1.20241
1.20235
1.20231
