1.8
1.80001
1.80003
1.80005
1.80008
1.80011
1.80015
1.8002
1.80025
1.80031
1.80038
1.80045
1.80053
1.80061
1.8007
1.8008
1.80091
1.80102
1.80114
1.80127
1.8014
1.80154
1.80169
1.80185
1.80202
1.80219
1.80237
1.80256
1.80276
1.80297
1.80318
1.80341
1.80364
1.80388
1.80413
1.8044
1.80467
1.80495
1.80524
1.80555
1.80586
1.80619
1.80653
1.80688
1.80724
1.80762
1.80801
1.80841
1.80883
1.80926
1.80971
1.81018
1.81066
1.81116
1.81168
1.81221
1.81277
1.81335
1.81395
1.81457
1.81521
1.81588
1.81658
1.8173
1.81805
1.81883
1.81964
1.82049
1.82137
1.82228
1.82324
1.82423
1.82526
1.82635
1.82747
1.82865
1.82988
1.83117
1.83252
1.83392
1.8354
1.83694
1.83856
1.84026
1.84203
1.8439
1.84585
1.8479
1.85005
1.85231
1.85467
1.85715
1.85974
1.86244
1.86526
1.86819
1.87122
1.87435
1.87755
1.8808
1.80303
1.80617
1.80921
1.81206
1.8146
1.81672
1.81823
1.81898
1.81878
1.81748
1.81502
1.81146
1.8071
1.80248
1.79833
1.79551
1.79472
1.79635
1.80036
1.8063
1.81345
1.82094
1.82797
1.83385
1.83821
1.84102
1.84266
1.8439
1.84569
1.84894
1.85414
1.8612
1.86949
1.87806
1.88598
1.8925
1.89719
1.8999
1.90074
1.90002
1.89815
1.89561
1.89284
1.89017
1.88778
1.88572
1.88393
1.88232
1.88077
1.87912
1.87723
1.87503
1.87265
1.8705
1.86922
1.86952
1.87191
1.87654
1.88319
1.89131
1.90022
1.90923
1.9177
1.92512
1.93114
1.93557
1.93837
1.93965
1.93963
1.93862
1.93702
1.93523
1.93365
1.93266
1.93248
1.93327
1.93499
1.93751
1.9406
1.94398
1.94738
1.95056
1.95334
1.95562
1.95737
1.95867
1.95961
1.96033
1.96095
1.96154
1.96214
1.96271
1.96322
1.96366
1.96402
1.96435
1.9647
1.96515
1.96571
1.96641
1.80075
1.80165
1.80262
1.80367
1.8048
1.80603
1.8074
1.80895
1.8107
1.81265
1.81477
1.81704
1.81938
1.82172
1.824
1.82614
1.82807
1.8297
1.83099
1.83188
1.8323
1.83224
1.83168
1.83063
1.82918
1.82744
1.82558
1.82381
1.82231
1.82123
1.82062
1.8204
1.82037
1.82026
1.81978
1.81866
1.81674
1.814
1.81059
1.80687
1.80344
1.801
1.80029
1.80178
1.8056
1.81143
1.81859
1.82623
1.83348
1.8396
1.84396
1.84609
1.84564
1.84251
1.83696
1.82984
1.82262
1.81719
1.81521
1.81739
1.8232
1.83123
1.83983
1.84761
1.85357
1.85711
1.85787
1.85568
1.85054
1.84262
1.83234
1.82047
1.80812
1.79673
1.78779
1.78259
1.78181
1.78539
1.79249
1.80183
1.81201
1.82187
1.83063
1.83792
1.8437
1.84811
1.8514
1.85379
1.85549
1.85665
1.85739
1.85778
1.85791
1.85785
1.85766
1.85743
1.85721
1.85707
1.85705
1.85721
1.80038
1.80096
1.80171
1.80259
1.80353
1.80446
1.80528
1.80587
1.80607
1.80571
1.8046
1.80253
1.79927
1.7947
1.78876
1.78166
1.77389
1.76628
1.75982
1.75541
1.75353
1.75402
1.75628
1.75946
1.76283
1.76592
1.76847
1.77043
1.77184
1.77278
1.77334
1.77363
1.7737
1.77363
1.77347
1.77324
1.77294
1.77257
1.77211
1.77161
1.77114
1.77084
1.77087
1.7714
1.77249
1.7741
1.77609
1.77823
1.78026
1.78194
1.78311
1.78365
1.78352
1.78273
1.78133
1.77942
1.7771
1.77452
1.77183
1.76917
1.76666
1.76443
1.76253
1.76101
1.75987
1.75913
1.75876
1.75877
1.75915
1.75993
1.76109
1.76263
1.76452
1.7667
1.76907
1.77151
1.77387
1.77597
1.77759
1.77852
1.77853
1.7774
1.77497
1.77118
1.76612
1.76009
1.75367
1.74758
1.74261
1.73929
1.7378
1.73788
1.73905
1.74085
1.743
1.74546
1.74827
1.75147
1.755
1.75871
1.80353
1.80697
1.81002
1.81264
1.81478
1.81641
1.81743
1.81771
1.81713
1.81562
1.81326
1.81026
1.80701
1.80398
1.80155
1.79995
1.79914
1.79891
1.79903
1.79932
1.79971
1.80019
1.80077
1.80139
1.80192
1.80224
1.80223
1.80184
1.80106
1.79996
1.79861
1.79714
1.79567
1.79432
1.79322
1.79246
1.79215
1.7923
1.79292
1.79396
1.79534
1.79694
1.79866
1.80042
1.80212
1.80372
1.80519
1.80652
1.8077
1.80873
1.80963
1.81041
1.81105
1.81158
1.81198
1.81226
1.81241
1.81241
1.81225
1.81191
1.81137
1.81063
1.80967
1.80849
1.80714
1.80566
1.80414
1.80273
1.80156
1.8008
1.80059
1.801
1.80203
1.80361
1.80559
1.8078
1.81006
1.81219
1.81406
1.81556
1.8166
1.81714
1.81712
1.8165
1.81527
1.81342
1.81098
1.80804
1.80474
1.80128
1.79794
1.79498
1.79264
1.79105
1.79024
1.7901
1.79045
1.7911
1.79189
1.79273
1.80085
1.80182
1.80292
1.80415
1.8055
1.80684
1.80804
1.8089
1.80927
1.80903
1.80813
1.80662
1.80462
1.80233
1.80002
1.79797
1.79642
1.79548
1.79513
1.79522
1.79557
1.79605
1.79668
1.79763
1.79913
1.80137
1.80435
1.80789
1.81166
1.81531
1.81858
1.82134
1.82358
1.82541
1.82694
1.8283
1.82956
1.83071
1.83172
1.83253
1.83308
1.83337
1.83344
1.83341
1.83345
1.83375
1.8345
1.83581
1.83767
1.83997
1.84249
1.84497
1.84716
1.84882
1.84977
1.84989
1.8491
1.84738
1.84476
1.84128
1.83706
1.83222
1.82692
1.82134
1.81569
1.81022
1.8052
1.80096
1.79785
1.79619
1.79622
1.79802
1.80146
1.80618
1.81174
1.81767
1.82363
1.82943
1.83497
1.84022
1.84514
1.84962
1.85352
1.85666
1.85891
1.86014
1.86032
1.85941
1.85746
1.85458
1.85097
1.84696
1.84298
1.83951
1.83694
1.83545
1.83486
1.83471
1.83433
1.83302
1.79723
1.79271
1.78676
1.77998
1.77339
1.76819
1.76556
1.76623
1.7702
1.77667
1.7844
1.79214
1.79901
1.80458
1.8088
1.81181
1.81381
1.81496
1.8154
1.81521
1.81448
1.8133
1.81178
1.81006
1.80829
1.80657
1.805
1.80357
1.80225
1.80094
1.79954
1.79794
1.79606
1.79386
1.79133
1.78848
1.78532
1.78185
1.77804
1.77385
1.76924
1.76417
1.75866
1.75279
1.74677
1.74107
1.73635
1.7333
1.73228
1.73302
1.73473
1.73658
1.73818
1.73979
1.74209
1.74579
1.75124
1.75825
1.7662
1.77425
1.78165
1.78785
1.79259
1.79583
1.79769
1.79838
1.79811
1.79712
1.79563
1.79382
1.79186
1.78989
1.78802
1.78633
1.78486
1.78361
1.78258
1.78173
1.78104
1.7805
1.7801
1.77985
1.77976
1.7798
1.77996
1.78017
1.78035
1.78035
1.77996
1.77895
1.77704
1.77403
1.76986
1.76475
1.7592
1.75384
1.74919
1.74555
1.74315
1.74259
1.80249
1.80877
1.81868
1.83093
1.8436
1.85504
1.86435
1.87129
1.87605
1.87899
1.88045
1.88076
1.88016
1.87886
1.87704
1.87489
1.8726
1.87032
1.86816
1.86615
1.86422
1.86221
1.85991
1.85714
1.85378
1.84976
1.84507
1.83973
1.83379
1.82741
1.82106
1.81555
1.812
1.81144
1.81438
1.8205
1.82883
1.83815
1.84739
1.85579
1.86293
1.86857
1.87265
1.8752
1.87629
1.87606
1.87474
1.8726
1.87003
1.86746
1.86531
1.86391
1.86342
1.86381
1.86485
1.86626
1.86771
1.86895
1.8698
1.87015
1.86996
1.86922
1.86794
1.86612
1.86373
1.86065
1.85672
1.85164
1.84508
1.83678
1.82679
1.81589
1.80577
1.79874
1.79667
1.79987
1.8069
1.81548
1.82369
1.83054
1.83585
1.83986
1.84292
1.84534
1.84732
1.84896
1.85031
1.85142
1.8523
1.85298
1.85349
1.85387
1.85411
1.85422
1.85418
1.85393
1.85344
1.85262
1.85143
1.84981
1.79804
1.79566
1.79307
1.79049
1.78815
1.78625
1.78492
1.78414
1.78373
1.78344
1.783
1.78223
1.78109
1.77973
1.77841
1.7775
1.77736
1.77821
1.78015
1.78307
1.78674
1.79088
1.79517
1.79934
1.80318
1.80653
1.8093
1.81144
1.81299
1.81402
1.81468
1.81512
1.81554
1.81606
1.81679
1.81773
1.81884
1.82003
1.8212
1.82226
1.8232
1.82404
1.8249
1.82593
1.82732
1.82926
1.83183
1.83507
1.83887
1.84305
1.84734
1.85147
1.85514
1.85809
1.86009
1.86088
1.86025
1.85796
1.85376
1.84744
1.83887
1.82816
1.81577
1.80275
1.79069
1.7815
1.77669
1.77677
1.78106
1.78815
1.79655
1.80515
1.81332
1.82077
1.82734
1.83294
1.83748
1.84096
1.84346
1.8452
1.84648
1.84756
1.84853
1.84925
1.84943
1.84874
1.84696
1.84406
1.84028
1.83604
1.83184
1.82812
1.82522
1.82333
1.82255
1.82291
1.82436
1.82678
1.8299
1.83334
1.80306
1.80576
1.80764
1.80857
1.80856
1.80779
1.80655
1.80517
1.80394
1.80309
1.80268
1.80266
1.80287
1.80311
1.80319
1.80296
1.80234
1.80131
1.79985
1.79796
1.79563
1.79276
1.78917
1.78457
1.77863
1.77112
1.76224
1.75302
1.7454
1.74172
1.74343
1.75016
1.75988
1.77013
1.77908
1.78592
1.79056
1.79334
1.79472
1.79512
1.79491
1.79437
1.79369
1.79299
1.79232
1.79164
1.79087
1.78987
1.78842
1.78633
1.78343
1.77966
1.77519
1.7705
1.76633
1.76355
1.76283
1.76436
1.76774
1.77219
1.77687
1.78114
1.78465
1.78735
1.78932
1.79077
1.79189
1.79287
1.79385
1.79493
1.79617
1.79762
1.79926
1.80108
1.80307
1.80516
1.8073
1.80944
1.81151
1.81345
1.81517
1.81663
1.81776
1.81851
1.81884
1.81872
1.81814
1.81712
1.8157
1.81397
1.81204
1.81006
1.80818
1.80654
1.80526
1.80437
1.80385
1.80362
1.80353
1.80346
