1.76816
1.76816
1.76816
1.76816
1.76816
1.76816
1.76816
1.76816
1.76816
1.76816
1.76816
1.76816
1.76815
1.76814
1.76814
1.76813
1.76811
1.76809
1.76807
1.76805
1.76803
1.768
1.76799
1.76796
1.76793
1.7679
1.76787
1.76784
1.76781
1.7678
1.76777
1.76774
1.76773
1.76771
1.76768
1.76766
1.76765
1.76763
1.76762
1.76761
1.76761
1.7676
1.76759
1.76756
1.76756
1.76755
1.76754
1.76753
1.76752
1.76752
1.76752
1.76751
1.76751
1.7675
1.76748
1.76747
1.76745
1.76745
1.76743
1.76742
1.76741
1.7674
1.76739
1.76739
1.76737
1.76736
1.76735
1.76735
1.76734
1.76734
1.76733
1.76732
1.76732
1.7673
1.76728
1.76727
1.76726
1.76726
1.76725
1.76725
1.76724
1.76723
1.76721
1.7672
1.76719
1.76718
1.76717
1.76715
1.76714
1.76713
1.76711
1.7671
1.76709
1.76708
1.76706
1.76705
1.76704
1.76703
1.76701
1.76701
1.68573
1.68573
1.68574
1.68576
1.6858
1.68584
1.68591
1.686
1.68612
1.68622
1.68633
1.68643
1.68648
1.68646
1.68637
1.6862
1.68597
1.68572
1.6855
1.68534
1.68526
1.68527
1.68536
1.68549
1.68566
1.6858
1.68588
1.68587
1.68576
1.68559
1.68539
1.68523
1.68515
1.68517
1.68527
1.68544
1.68565
1.68585
1.68603
1.68618
1.68627
1.6863
1.68631
1.68629
1.68625
1.6862
1.68617
1.68615
1.68616
1.68618
1.6862
1.68623
1.68623
1.68617
1.68605
1.68586
1.68564
1.68543
1.68525
1.68513
1.68509
1.68513
1.68521
1.68534
1.68549
1.68565
1.6858
1.68595
1.68606
1.68614
1.68617
1.68618
1.68613
1.68605
1.68595
1.68585
1.68576
1.68568
1.68565
1.68562
1.68564
1.68567
1.68572
1.68576
1.68581
1.68584
1.68587
1.68588
1.68588
1.68589
1.68589
1.6859
1.6859
1.68591
1.68592
1.68592
1.68592
1.68591
1.68589
1.68588
1.51936
1.51936
1.51935
1.51933
1.51932
1.51932
1.5193
1.51929
1.51926
1.51925
1.51922
1.51921
1.51919
1.5192
1.51922
1.51924
1.51927
1.5193
1.51934
1.51937
1.51941
1.51947
1.51952
1.51958
1.51961
1.51963
1.51963
1.51961
1.51957
1.51952
1.51947
1.51943
1.51943
1.51945
1.5195
1.51958
1.51966
1.51974
1.51979
1.51979
1.51972
1.51959
1.51939
1.51915
1.51893
1.51877
1.51868
1.51868
1.51876
1.51891
1.51912
1.51937
1.51962
1.51988
1.52009
1.52018
1.52009
1.51982
1.51941
1.51899
1.51869
1.51857
1.51859
1.51873
1.51895
1.51921
1.51949
1.51979
1.52008
1.52034
1.52053
1.52064
1.52061
1.52044
1.52012
1.51969
1.51923
1.51882
1.51854
1.51839
1.51839
1.51846
1.51859
1.51875
1.5189
1.51902
1.51912
1.5192
1.51925
1.51929
1.51933
1.51937
1.51938
1.5194
1.51942
1.51941
1.5194
1.51939
1.51937
1.51936
1.46209
1.46208
1.46206
1.46206
1.46206
1.46206
1.46208
1.46211
1.46216
1.46222
1.4623
1.46241
1.46254
1.46268
1.46281
1.4629
1.46292
1.46284
1.46267
1.46242
1.46216
1.46196
1.46182
1.46177
1.46179
1.46183
1.46189
1.46195
1.46199
1.46204
1.46207
1.4621
1.46212
1.46213
1.46214
1.46215
1.46215
1.46216
1.46218
1.46218
1.46217
1.46214
1.46209
1.46204
1.46198
1.46194
1.46191
1.46191
1.46193
1.46198
1.46203
1.4621
1.46217
1.46224
1.4623
1.46235
1.46238
1.4624
1.46241
1.4624
1.46238
1.46235
1.46231
1.46227
1.46223
1.46218
1.46214
1.4621
1.46206
1.46202
1.46198
1.46195
1.46192
1.4619
1.46189
1.46189
1.46191
1.46195
1.46201
1.46209
1.4622
1.46232
1.46247
1.46259
1.4627
1.46278
1.46277
1.46269
1.46255
1.46236
1.46218
1.46206
1.46198
1.46192
1.46189
1.46185
1.46181
1.46177
1.46174
1.46173
1.50247
1.50249
1.50253
1.50259
1.50263
1.50269
1.50276
1.50285
1.50295
1.50304
1.50311
1.50315
1.50316
1.50312
1.50305
1.50296
1.5029
1.50285
1.50282
1.50281
1.5028
1.50279
1.50279
1.5028
1.50281
1.50284
1.50288
1.50291
1.50295
1.50298
1.503
1.50301
1.50301
1.50298
1.50295
1.50291
1.50287
1.50282
1.50277
1.50272
1.50269
1.50268
1.50267
1.50266
1.50268
1.50269
1.50271
1.50272
1.50273
1.50274
1.50274
1.50276
1.50277
1.50278
1.50278
1.50279
1.50282
1.50283
1.50286
1.50288
1.5029
1.50292
1.50293
1.50295
1.50298
1.50298
1.50297
1.50295
1.50292
1.50287
1.5028
1.50273
1.50268
1.50263
1.5026
1.50258
1.50258
1.5026
1.50262
1.50266
1.50272
1.50278
1.50283
1.50289
1.50295
1.503
1.50306
1.50311
1.50314
1.50314
1.5031
1.50305
1.50299
1.50291
1.50285
1.50279
1.50276
1.50274
1.50274
1.50274
1.50986
1.50986
1.50985
1.50983
1.50982
1.50983
1.50985
1.5099
1.50996
1.51001
1.51008
1.51014
1.51019
1.51021
1.51019
1.51015
1.5101
1.51003
1.50998
1.50995
1.50994
1.50992
1.5099
1.50985
1.50978
1.5097
1.50964
1.50959
1.50959
1.50961
1.50966
1.50971
1.50976
1.50979
1.50981
1.50982
1.50982
1.50983
1.50985
1.50987
1.50989
1.50992
1.50994
1.50995
1.50991
1.50988
1.50982
1.50976
1.50971
1.50967
1.50967
1.50969
1.50974
1.5098
1.50988
1.50997
1.51006
1.51014
1.51023
1.51031
1.51039
1.51046
1.51049
1.5105
1.51049
1.51046
1.51041
1.51031
1.51019
1.51003
1.50986
1.50969
1.50954
1.50945
1.50939
1.50937
1.50938
1.5094
1.50942
1.50946
1.50949
1.50954
1.5096
1.50968
1.50979
1.50989
1.51001
1.51012
1.51022
1.5103
1.51037
1.51039
1.51036
1.51029
1.51018
1.51008
1.51002
1.51001
1.51008
1.51021
1.47766
1.47783
1.47794
1.47798
1.47789
1.47769
1.47739
1.47704
1.47675
1.47657
1.47651
1.47656
1.47667
1.47681
1.47694
1.47705
1.47713
1.47721
1.47728
1.47733
1.47739
1.47743
1.47746
1.47747
1.47748
1.47747
1.47746
1.47744
1.47744
1.47744
1.47746
1.47749
1.47751
1.47755
1.47759
1.47761
1.47765
1.47767
1.4777
1.47774
1.47779
1.47783
1.47788
1.47791
1.47791
1.47784
1.47769
1.4775
1.47729
1.47716
1.47712
1.47713
1.47716
1.47712
1.47701
1.47685
1.47666
1.47653
1.4765
1.47654
1.47663
1.47676
1.47692
1.47706
1.4772
1.47728
1.47737
1.47744
1.47747
1.4775
1.4775
1.47749
1.47747
1.47746
1.47744
1.47742
1.4774
1.47739
1.47737
1.47736
1.47735
1.47733
1.47732
1.47731
1.47731
1.47729
1.47731
1.47734
1.47739
1.47746
1.47755
1.47766
1.47777
1.47784
1.47785
1.47779
1.4777
1.47759
1.47744
1.47721
1.53412
1.53373
1.53343
1.53329
1.53334
1.53352
1.53376
1.53399
1.53419
1.53436
1.53448
1.53458
1.53466
1.53471
1.53476
1.5348
1.5348
1.53479
1.53477
1.53476
1.53474
1.53477
1.53481
1.53486
1.53494
1.535
1.53506
1.53512
1.53518
1.5352
1.53516
1.53503
1.53477
1.53443
1.53408
1.53381
1.53364
1.5336
1.53365
1.53377
1.53391
1.53408
1.53423
1.53438
1.53452
1.53464
1.53473
1.5348
1.53481
1.53479
1.53473
1.53464
1.53455
1.53448
1.53443
1.53441
1.53442
1.53445
1.5345
1.53455
1.5346
1.53465
1.53471
1.53476
1.53482
1.5349
1.53501
1.53514
1.5353
1.5355
1.53564
1.53565
1.53546
1.53503
1.53449
1.53403
1.53377
1.53372
1.53383
1.53398
1.53413
1.53424
1.53432
1.53436
1.53441
1.53444
1.53446
1.53449
1.53451
1.53453
1.53455
1.53457
1.53458
1.5346
1.53461
1.53464
1.53466
1.5347
1.53474
1.53478
1.48528
1.4853
1.48532
1.48531
1.48527
1.48522
1.48517
1.48513
1.4851
1.48509
1.48513
1.48517
1.4852
1.48521
1.48519
1.48512
1.48502
1.48491
1.48481
1.48472
1.48465
1.48462
1.48462
1.48466
1.4847
1.48476
1.48482
1.48488
1.48494
1.48498
1.48501
1.48502
1.48502
1.48501
1.48499
1.48496
1.48495
1.48495
1.48495
1.48495
1.48496
1.48497
1.48495
1.48492
1.48487
1.48481
1.48474
1.48468
1.48463
1.4846
1.4846
1.48463
1.4847
1.48479
1.48489
1.48504
1.48519
1.48537
1.48556
1.48578
1.48602
1.48622
1.48634
1.48633
1.48612
1.48574
1.48526
1.48479
1.48444
1.48425
1.48418
1.4842
1.48426
1.48435
1.48445
1.48455
1.48466
1.48477
1.48485
1.48493
1.48496
1.48498
1.48499
1.48503
1.48511
1.48521
1.48532
1.48542
1.48549
1.48552
1.48549
1.48543
1.48534
1.48524
1.48513
1.48501
1.48491
1.48482
1.48478
1.48476
1.45095
1.45102
1.45111
1.4512
1.45128
1.45134
1.45136
1.45137
1.45134
1.45128
1.45124
1.45121
1.4512
1.4512
1.45122
1.45126
1.4513
1.45135
1.45139
1.45143
1.45148
1.45155
1.45163
1.45174
1.45189
1.45204
1.45214
1.45209
1.4518
1.4513
1.45075
1.45034
1.45018
1.45024
1.45044
1.45067
1.45086
1.45102
1.45113
1.4512
1.45124
1.45126
1.45127
1.45126
1.45127
1.45128
1.45131
1.45133
1.45139
1.45147
1.45155
1.45164
1.45168
1.45167
1.45157
1.45139
1.45116
1.45095
1.45081
1.45075
1.45078
1.45084
1.45093
1.45101
1.45107
1.45112
1.45114
1.45115
1.45114
1.45113
1.45111
1.4511
1.45107
1.45105
1.45103
1.45103
1.45102
1.45103
1.45104
1.45105
1.45107
1.4511
1.45113
1.45116
1.45121
1.45125
1.4513
1.45135
1.4514
1.45142
1.45144
1.45144
1.45143
1.4514
1.45136
1.45132
1.45129
1.45126
1.45126
1.45126
