-0.0318404
-0.03185
-0.0318659
-0.0318881
-0.0319166
-0.0319515
-0.0319926
-0.03204
-0.0320938
-0.0321539
-0.0322204
-0.0322932
-0.0323749
-0.0324679
-0.0325677
-0.0326742
-0.0328018
-0.0329271
-0.033069
-0.033223
-0.0333749
-0.0335414
-0.0337059
-0.0338899
-0.0340914
-0.0342915
-0.0345044
-0.034721
-0.0349459
-0.03517
-0.0354122
-0.0356611
-0.0359072
-0.0361745
-0.036449
-0.0367333
-0.0370205
-0.0373158
-0.0376193
-0.0379384
-0.0382546
-0.0385869
-0.038936
-0.039314
-0.039681
-0.0400634
-0.0404642
-0.0408767
-0.0413061
-0.0417411
-0.0421918
-0.0426683
-0.0431522
-0.0436632
-0.0441996
-0.044748
-0.0453163
-0.0459007
-0.0465138
-0.0471495
-0.0478065
-0.0484811
-0.0491839
-0.0499161
-0.0506815
-0.0514696
-0.0522891
-0.0531367
-0.0540285
-0.0549426
-0.0559046
-0.0569095
-0.0579452
-0.0590449
-0.0601923
-0.0613828
-0.0626217
-0.0639143
-0.0652615
-0.0666737
-0.0681571
-0.069713
-0.0713478
-0.0730513
-0.0748469
-0.0767153
-0.0786822
-0.08075
-0.0829134
-0.0851816
-0.0875607
-0.0900493
-0.0926496
-0.095365
-0.0981992
-0.101139
-0.104182
-0.107317
-0.110533
-0.113791
-0.117303
-0.120438
-0.123472
-0.126301
-0.128807
-0.130871
-0.132323
-0.132978
-0.132664
-0.131266
-0.128684
-0.125034
-0.120624
-0.116012
-0.111958
-0.109305
-0.108752
-0.110636
-0.114861
-0.120961
-0.128184
-0.135673
-0.14261
-0.14836
-0.152555
-0.155222
-0.156781
-0.158033
-0.159929
-0.163351
-0.168751
-0.175969
-0.184339
-0.192896
-0.20071
-0.207057
-0.211535
-0.214044
-0.214709
-0.213843
-0.211884
-0.209309
-0.206534
-0.203884
-0.201529
-0.199516
-0.197757
-0.196168
-0.194607
-0.192934
-0.191024
-0.188798
-0.186415
-0.184324
-0.183172
-0.183657
-0.186269
-0.191117
-0.197939
-0.206177
-0.215133
-0.224104
-0.232489
-0.239779
-0.245653
-0.249927
-0.25257
-0.253702
-0.253571
-0.252486
-0.250844
-0.249051
-0.247526
-0.246605
-0.246534
-0.247416
-0.249232
-0.251827
-0.25495
-0.258356
-0.261738
-0.264887
-0.267621
-0.269851
-0.271562
-0.272824
-0.273735
-0.274444
-0.275066
-0.275656
-0.276245
-0.276812
-0.277324
-0.277743
-0.278094
-0.278424
-0.278787
-0.279241
-0.279818
-0.280525
-0.281393
-0.282289
-0.283277
-0.284336
-0.285475
-0.286711
-0.2881
-0.289662
-0.291435
-0.293401
-0.29555
-0.297828
-0.300182
-0.302524
-0.304787
-0.306905
-0.3088
-0.310409
-0.311658
-0.312506
-0.31289
-0.312774
-0.312152
-0.311056
-0.30957
-0.307813
-0.305952
-0.304192
-0.302737
-0.301717
-0.301155
-0.300972
-0.300942
-0.300809
-0.300272
-0.299084
-0.297084
-0.294264
-0.290797
-0.287082
-0.283714
-0.281418
-0.280895
-0.282626
-0.28667
-0.292665
-0.299918
-0.307551
-0.314723
-0.320687
-0.324841
-0.326722
-0.326017
-0.32263
-0.316874
-0.309653
-0.302523
-0.297373
-0.295801
-0.298396
-0.304509
-0.312666
-0.321241
-0.328878
-0.334623
-0.337903
-0.338373
-0.335886
-0.330459
-0.322279
-0.311809
-0.299829
-0.287511
-0.276287
-0.267673
-0.2629
-0.262584
-0.266564
-0.273953
-0.283435
-0.293626
-0.303408
-0.312035
-0.319174
-0.324799
-0.329096
-0.332281
-0.334592
-0.336242
-0.337358
-0.338053
-0.338415
-0.338533
-0.33845
-0.338246
-0.338017
-0.337809
-0.337671
-0.337683
-0.337857
-0.338287
-0.338877
-0.339648
-0.340529
-0.341473
-0.342401
-0.343205
-0.343757
-0.343905
-0.343489
-0.3423
-0.340115
-0.336736
-0.332016
-0.325953
-0.318764
-0.310976
-0.303442
-0.297153
-0.292994
-0.291364
-0.292064
-0.294452
-0.297683
-0.301049
-0.304092
-0.306584
-0.308482
-0.309844
-0.310741
-0.311276
-0.311527
-0.311577
-0.311498
-0.311327
-0.311087
-0.310787
-0.310406
-0.309934
-0.309424
-0.308967
-0.308701
-0.308789
-0.309364
-0.310512
-0.312165
-0.314187
-0.316325
-0.318328
-0.319966
-0.321086
-0.321555
-0.321351
-0.320491
-0.319035
-0.317072
-0.314722
-0.31212
-0.309416
-0.306768
-0.304288
-0.302078
-0.300215
-0.298739
-0.297644
-0.296946
-0.296618
-0.296663
-0.297092
-0.297907
-0.299109
-0.300683
-0.302605
-0.304797
-0.307174
-0.309617
-0.311963
-0.314017
-0.315579
-0.316426
-0.316325
-0.315073
-0.312504
-0.308591
-0.303415
-0.297315
-0.290891
-0.28489
-0.280059
-0.276936
-0.275616
-0.275816
-0.27707
-0.278926
-0.281115
-0.283608
-0.286455
-0.2897
-0.293269
-0.296985
-0.301062
-0.304478
-0.307488
-0.31005
-0.312153
-0.313718
-0.314665
-0.31486
-0.314179
-0.312584
-0.310148
-0.307108
-0.303856
-0.300861
-0.2985
-0.296983
-0.296239
-0.296061
-0.296213
-0.296512
-0.296909
-0.297401
-0.297981
-0.29859
-0.299107
-0.299402
-0.299354
-0.298924
-0.298113
-0.296977
-0.295613
-0.294132
-0.292661
-0.291339
-0.29027
-0.289552
-0.289272
-0.289484
-0.290155
-0.291245
-0.292647
-0.294262
-0.295993
-0.297755
-0.299443
-0.301029
-0.302484
-0.303803
-0.30497
-0.305999
-0.30689
-0.307642
-0.30828
-0.308804
-0.309206
-0.309474
-0.309591
-0.309575
-0.309389
-0.309032
-0.308473
-0.307714
-0.306738
-0.305545
-0.304163
-0.302681
-0.30117
-0.299776
-0.298639
-0.297931
-0.297787
-0.298267
-0.299351
-0.300972
-0.302991
-0.305223
-0.307473
-0.309589
-0.311435
-0.312893
-0.313885
-0.314361
-0.314283
-0.313606
-0.312318
-0.310417
-0.307918
-0.304934
-0.301599
-0.298147
-0.294836
-0.291926
-0.289652
-0.288141
-0.287396
-0.287308
-0.287694
-0.288358
-0.289153
-0.289993
-0.290986
-0.291964
-0.293066
-0.294322
-0.295677
-0.297014
-0.298185
-0.298998
-0.299312
-0.299016
-0.298048
-0.296477
-0.294429
-0.292118
-0.289832
-0.287824
-0.286321
-0.285454
-0.285151
-0.28527
-0.285631
-0.286125
-0.286779
-0.287775
-0.289347
-0.291662
-0.294708
-0.298294
-0.30207
-0.305702
-0.308927
-0.311628
-0.313828
-0.315623
-0.317138
-0.318488
-0.319732
-0.320874
-0.321866
-0.322655
-0.323192
-0.323451
-0.323502
-0.323461
-0.323533
-0.323871
-0.324681
-0.326046
-0.327959
-0.330293
-0.33282
-0.335279
-0.337427
-0.339019
-0.339891
-0.339919
-0.339044
-0.337241
-0.334525
-0.33097
-0.326673
-0.321763
-0.31643
-0.310834
-0.305195
-0.299752
-0.294795
-0.290654
-0.287662
-0.286154
-0.286361
-0.288333
-0.291915
-0.296737
-0.302352
-0.308296
-0.314254
-0.320024
-0.325543
-0.330759
-0.335644
-0.34008
-0.343913
-0.346977
-0.349121
-0.350256
-0.350307
-0.349291
-0.347234
-0.344275
-0.340605
-0.336573
-0.332616
-0.329217
-0.326756
-0.325367
-0.324844
-0.324708
-0.324251
-0.32281
-0.319564
-0.314885
-0.308812
-0.302005
-0.295493
-0.2905
-0.288175
-0.289191
-0.293448
-0.300107
-0.307894
-0.315584
-0.322335
-0.327771
-0.331858
-0.334764
-0.336673
-0.337747
-0.338119
-0.337877
-0.337095
-0.335873
-0.334323
-0.332596
-0.330807
-0.329102
-0.327536
-0.326127
-0.324813
-0.323503
-0.322082
-0.320452
-0.318545
-0.316308
-0.313744
-0.31087
-0.307677
-0.304179
-0.300344
-0.29611
-0.291447
-0.286335
-0.280784
-0.274878
-0.268866
-0.263231
-0.258657
-0.255803
-0.25499
-0.255868
-0.257616
-0.259449
-0.261021
-0.262669
-0.265079
-0.268941
-0.274575
-0.281717
-0.289702
-0.297717
-0.305016
-0.311086
-0.315666
-0.318764
-0.320495
-0.321093
-0.320742
-0.319688
-0.318157
-0.316321
-0.314359
-0.3124
-0.310552
-0.308879
-0.307422
-0.306194
-0.305174
-0.304337
-0.303664
-0.303136
-0.30275
-0.302521
-0.302438
-0.302493
-0.302649
-0.302877
-0.30304
-0.303009
-0.302576
-0.301491
-0.299493
-0.296363
-0.292084
-0.286907
-0.281353
-0.276041
-0.271487
-0.267957
-0.26571
-0.265375
-0.268374
-0.275037
-0.285258
-0.297646
-0.31026
-0.321515
-0.330591
-0.337302
-0.341861
-0.34463
-0.345974
-0.346183
-0.3455
-0.344142
-0.342274
-0.340095
-0.337798
-0.335531
-0.333392
-0.331395
-0.329478
-0.32744
-0.325104
-0.32228
-0.318844
-0.314753
-0.310012
-0.304604
-0.298609
-0.292216
-0.285898
-0.280526
-0.277229
-0.277016
-0.280302
-0.28669
-0.295182
-0.304546
-0.313737
-0.322021
-0.329013
-0.334491
-0.338426
-0.340819
-0.341763
-0.341424
-0.340002
-0.337802
-0.335226
-0.332669
-0.330579
-0.329271
-0.328871
-0.329327
-0.33042
-0.331847
-0.333286
-0.334494
-0.335292
-0.335594
-0.335359
-0.334567
-0.333234
-0.331362
-0.328902
-0.325748
-0.321703
-0.316497
-0.309777
-0.301278
-0.291153
-0.280242
-0.270313
-0.263703
-0.262173
-0.265849
-0.273135
-0.281752
-0.289859
-0.296561
-0.301719
-0.305619
-0.308607
-0.310979
-0.312913
-0.314522
-0.315857
-0.316932
-0.317787
-0.318444
-0.318943
-0.319298
-0.319527
-0.319621
-0.319561
-0.319293
-0.318773
-0.317922
-0.316691
-0.315031
-0.312762
-0.310352
-0.307758
-0.305186
-0.30288
-0.301032
-0.299749
-0.299007
-0.298622
-0.298342
-0.297868
-0.297059
-0.295896
-0.294519
-0.293223
-0.292381
-0.292333
-0.293297
-0.295333
-0.298345
-0.302089
-0.306257
-0.310541
-0.314682
-0.318475
-0.321767
-0.324474
-0.326562
-0.32805
-0.329042
-0.329668
-0.330109
-0.330518
-0.331055
-0.3318
-0.332766
-0.333888
-0.335076
-0.336247
-0.337311
-0.338238
-0.339076
-0.339948
-0.341008
-0.342457
-0.344444
-0.347098
-0.350392
-0.354247
-0.358451
-0.362743
-0.366834
-0.37044
-0.373307
-0.375193
-0.375848
-0.375068
-0.372593
-0.368194
-0.361659
-0.352857
-0.341936
-0.32943
-0.316418
-0.304574
-0.295764
-0.291431
-0.291979
-0.296624
-0.303903
-0.312366
-0.320947
-0.329062
-0.33642
-0.342887
-0.348381
-0.35282
-0.356193
-0.358606
-0.360275
-0.361523
-0.362585
-0.363533
-0.364219
-0.364327
-0.363537
-0.361633
-0.358635
-0.354789
-0.350527
-0.346341
-0.34269
-0.339878
-0.33809
-0.337422
-0.337897
-0.339454
-0.34196
-0.345126
-0.348577
-0.352108
-0.354742
-0.356534
-0.357365
-0.357278
-0.356454
-0.355187
-0.3538
-0.352603
-0.351805
-0.351446
-0.351456
-0.351674
-0.351905
-0.351961
-0.3517
-0.351039
-0.349961
-0.34846
-0.346531
-0.344154
-0.341213
-0.337542
-0.332834
-0.326738
-0.319072
-0.3101
-0.300933
-0.293605
-0.290419
-0.292686
-0.29982
-0.309709
-0.319887
-0.328644
-0.335247
-0.339696
-0.342322
-0.343583
-0.343915
-0.343671
-0.34311
-0.34242
-0.341728
-0.341045
-0.340358
-0.339568
-0.338536
-0.337034
-0.334866
-0.331876
-0.328021
-0.32351
-0.318834
-0.314767
-0.312159
-0.311673
-0.313411
-0.316938
-0.321443
-0.326096
-0.330294
-0.333724
-0.336337
-0.33825
-0.339654
-0.34075
-0.341727
-0.342708
-0.3438
-0.345066
-0.346517
-0.348186
-0.350038
-0.352032
-0.354129
-0.356279
-0.358416
-0.360473
-0.362393
-0.364102
-0.365536
-0.366638
-0.36735
-0.367634
-0.36747
-0.36684
-0.365769
-0.364306
-0.362548
-0.360605
-0.358618
-0.356754
-0.355146
-0.353903
-0.353055
-0.352569
-0.352352
-0.352269
-0.352201
