1.64872
1.64428
1.63654
1.62521
1.60987
1.58995
1.56478
1.5336
1.49556
1.44996
1.39634
1.33471
1.2658
1.19122
1.11359
1.03645
0.963795
0.899562
0.84687
0.807565
0.78205
0.769412
0.767802
0.774817
0.787875
0.804503
0.822508
0.840109
0.856008
0.869406
0.879966
0.887787
0.893251
0.896916
0.899319
0.900872
0.901729
0.901814
0.9008
0.898208
0.893547
0.886447
0.876805
0.864815
0.851031
0.836292
0.821587
0.807899
0.796118
0.786931
0.780828
0.778066
0.778627
0.782259
0.788469
0.796586
0.805825
0.815342
0.824318
0.83201
0.837854
0.841537
0.843065
0.842701
0.84091
0.838294
0.835451
0.832922
0.831151
0.830529
0.831386
0.833936
0.838204
0.843927
0.850595
0.857577
0.864226
0.870082
0.874914
0.878713
0.88168
0.884133
0.886407
0.88879
0.891449
0.89442
0.897598
0.900774
0.903682
0.906017
0.907506
0.907921
0.907136
0.905166
0.902186
0.898547
0.894707
0.891138
0.88824
0.886247
1.64583
1.63576
1.6196
1.59723
1.56899
1.53589
1.49973
1.46269
1.42653
1.39192
1.35834
1.32495
1.29148
1.25866
1.22821
1.20234
1.18324
1.17223
1.16918
1.17222
1.17818
1.1838
1.18683
1.18667
1.18418
1.18125
1.18016
1.18295
1.19087
1.20417
1.22214
1.24333
1.2657
1.28686
1.30444
1.31655
1.32235
1.32231
1.31816
1.31216
1.30616
1.30113
1.29727
1.29453
1.29315
1.2937
1.29694
1.3036
1.31398
1.3278
1.34414
1.36158
1.37853
1.39351
1.40535
1.41331
1.4172
1.41722
1.41387
1.40776
1.39939
1.38905
1.37683
1.36277
1.34712
1.33049
1.31397
1.29895
1.28666
1.27777
1.27204
1.26854
1.26614
1.26401
1.2617
1.25906
1.25596
1.25233
1.24845
1.24534
1.24477
1.24877
1.25873
1.27468
1.29513
1.31765
1.33967
1.35916
1.37497
1.38675
1.39462
1.3989
1.39976
1.39717
1.39106
1.38153
1.36887
1.35346
1.33563
1.31566
1.62493
1.59375
1.55961
1.52495
1.49202
1.46291
1.4398
1.42452
1.41786
1.41893
1.42556
1.43538
1.44675
1.45901
1.4723
1.48686
1.50267
1.51925
1.53572
1.55093
1.56337
1.5712
1.57243
1.56522
1.54835
1.52192
1.48778
1.44974
1.41306
1.38313
1.36386
1.35686
1.36164
1.37629
1.39811
1.42401
1.45111
1.47713
1.50047
1.5201
1.53537
1.54595
1.55191
1.55377
1.55241
1.54891
1.5444
1.53995
1.53644
1.53436
1.53381
1.53452
1.5362
1.5387
1.54202
1.54621
1.55097
1.55561
1.55898
1.5598
1.55697
1.54992
1.53883
1.5247
1.50957
1.49662
1.48978
1.49232
1.50511
1.52563
1.54893
1.56973
1.58414
1.59049
1.5892
1.58193
1.57057
1.5565
1.54078
1.52483
1.51102
1.50235
1.50119
1.50775
1.51961
1.53258
1.5424
1.54627
1.54386
1.53752
1.53138
1.5293
1.53253
1.53902
1.54521
1.54856
1.54852
1.54589
1.54167
1.53665
1.64444
1.63854
1.63433
1.63352
1.63691
1.64408
1.65353
1.66344
1.67245
1.68007
1.68652
1.69207
1.69649
1.69872
1.69712
1.69
1.67602
1.65442
1.62517
1.58938
1.54984
1.51144
1.48073
1.46405
1.46504
1.4829
1.51286
1.54822
1.58275
1.61198
1.63351
1.64665
1.65177
1.64978
1.64214
1.6308
1.61784
1.60453
1.59074
1.57556
1.55874
1.54187
1.52827
1.52164
1.52429
1.53597
1.55386
1.57394
1.59263
1.60784
1.61907
1.62689
1.63207
1.63505
1.63575
1.63369
1.62827
1.61908
1.60628
1.59127
1.57671
1.56585
1.56107
1.5627
1.56884
1.57661
1.5836
1.58834
1.59026
1.58941
1.5862
1.58146
1.57647
1.57287
1.57244
1.57666
1.58627
1.60095
1.61936
1.63941
1.65885
1.67575
1.68885
1.69748
1.7014
1.70063
1.69541
1.68629
1.67413
1.65994
1.64464
1.6289
1.61305
1.59744
1.58274
1.56974
1.55888
1.55005
1.54292
1.53717
1.64427
1.63556
1.62189
1.60152
1.57436
1.54251
1.50963
1.47968
1.45619
1.44215
1.43969
1.44894
1.46751
1.4917
1.5184
1.54592
1.57345
1.59969
1.62209
1.63729
1.64241
1.63676
1.62305
1.60703
1.5953
1.59188
1.59629
1.60454
1.61204
1.61591
1.6156
1.61241
1.60877
1.60725
1.60959
1.61572
1.62356
1.63022
1.63358
1.6335
1.63145
1.62927
1.62791
1.62678
1.62411
1.61792
1.60714
1.59228
1.57553
1.55991
1.54802
1.54078
1.53722
1.53518
1.53237
1.52729
1.51938
1.50892
1.49672
1.48426
1.47364
1.46731
1.46746
1.47538
1.49129
1.51413
1.54153
1.57001
1.59581
1.61598
1.62916
1.63545
1.63593
1.63198
1.62505
1.6167
1.60855
1.60173
1.59642
1.59217
1.58899
1.58755
1.58875
1.59303
1.60023
1.60997
1.62208
1.63652
1.65275
1.66926
1.68374
1.69383
1.69856
1.69948
1.70006
1.70341
1.71008
1.71826
1.72562
1.73049
1.65129
1.65007
1.64615
1.63984
1.63169
1.62207
1.6111
1.59873
1.58508
1.57096
1.55808
1.5489
1.54581
1.5502
1.56189
1.57921
1.59962
1.62026
1.63827
1.65094
1.65598
1.65196
1.63875
1.61802
1.59318
1.56879
1.54969
1.54003
1.5425
1.55743
1.58214
1.61133
1.63854
1.65817
1.66689
1.66405
1.65141
1.63251
1.61182
1.59391
1.58249
1.57941
1.58411
1.59385
1.60468
1.61291
1.61598
1.61274
1.60326
1.58857
1.57037
1.55107
1.53345
1.52028
1.51337
1.51315
1.51855
1.52748
1.53767
1.54741
1.55587
1.56317
1.57019
1.57831
1.5889
1.60291
1.62052
1.64107
1.6631
1.6847
1.7038
1.71842
1.72659
1.72657
1.71745
1.70044
1.6796
1.66021
1.6453
1.63399
1.62373
1.61298
1.60193
1.59135
1.58163
1.57236
1.56278
1.55239
1.54151
1.53149
1.52451
1.52291
1.52836
1.54123
1.56033
1.58314
1.60624
1.62625
1.64044
1.64706
1.64729
1.63662
1.61933
1.59823
1.5774
1.56157
1.55474
1.55864
1.57211
1.59174
1.61319
1.63255
1.64728
1.65669
1.66166
1.66374
1.66424
1.66367
1.66169
1.65736
1.64987
1.63957
1.62931
1.62432
1.62945
1.64551
1.66842
1.69157
1.70861
1.71529
1.71056
1.69686
1.67935
1.66368
1.65297
1.64649
1.64094
1.63283
1.6203
1.60384
1.5865
1.57174
1.56004
1.54826
1.53306
1.51365
1.49211
1.4717
1.45515
1.44367
1.43762
1.43788
1.44614
1.46418
1.49255
1.52959
1.57135
1.61264
1.64844
1.67475
1.68854
1.68773
1.67167
1.64218
1.60397
1.56375
1.52781
1.50041
1.48332
1.47639
1.47815
1.48632
1.4985
1.51282
1.52807
1.54357
1.55886
1.57374
1.5882
1.60232
1.61624
1.62999
1.64339
1.65595
1.6667
1.67444
1.67804
1.67676
1.67027
1.65854
1.64193
1.62141
1.5988
1.57706
1.55967
1.54938
1.54714
1.55198
1.5622
1.57622
1.6658
1.68236
1.69721
1.70883
1.71622
1.71907
1.71757
1.71214
1.70352
1.69291
1.68199
1.67265
1.66644
1.66374
1.66334
1.66267
1.65851
1.64792
1.62922
1.60247
1.56983
1.53562
1.50575
1.48643
1.48209
1.4935
1.51735
1.54765
1.57791
1.60294
1.61949
1.62613
1.62301
1.61171
1.59497
1.57624
1.55895
1.5458
1.53849
1.53785
1.54379
1.55522
1.56992
1.58501
1.59792
1.60716
1.61271
1.61575
1.61829
1.62253
1.63009
1.64127
1.65454
1.66666
1.67369
1.67219
1.66046
1.63936
1.6123
1.58425
1.55988
1.54197
1.53119
1.52695
1.52807
1.53302
1.54015
1.54789
1.55517
1.56135
1.5661
1.56932
1.57103
1.57149
1.57142
1.57212
1.57515
1.58178
1.59235
1.60597
1.6206
1.63348
1.64197
1.64438
1.64054
1.63195
1.62156
1.61304
1.60974
1.61355
1.62432
1.64017
1.65822
1.67532
1.68865
1.69607
1.69654
1.69021
1.67843
1.66373
1.63656
1.6263
1.62196
1.62379
1.63036
1.63898
1.64657
1.65052
1.64986
1.64591
1.64196
1.64162
1.64703
1.65804
1.6727
1.68845
1.70347
1.71715
1.72956
1.74059
1.74968
1.75621
1.75982
1.76046
1.7583
1.75363
1.74646
1.73645
1.72309
1.70658
1.68909
1.67496
1.66864
1.6714
1.68031
1.69076
1.69941
1.70514
1.70808
1.70823
1.70468
1.69598
1.681
1.65966
1.63324
1.60445
1.57719
1.55593
1.54477
1.54617
1.56019
1.58432
1.61424
1.64485
1.67124
1.68943
1.69738
1.69596
1.68915
1.68215
1.67855
1.67839
1.67924
1.67851
1.67504
1.66908
1.66158
1.65349
1.64568
1.63939
1.63677
1.64041
1.65191
1.67049
1.69306
1.7154
1.73314
1.74263
1.74201
1.73223
1.71693
1.70107
1.68891
1.68261
1.68206
1.68575
1.69177
1.69832
1.70405
1.7081
1.71013
1.71021
1.7087
1.70601
1.70264
1.69898
1.69529
1.69129
1.68616
1.679
1.64137
1.63244
1.62632
1.6256
1.63163
1.64425
1.66195
1.68207
1.70121
1.71586
1.72308
1.72115
1.71011
1.69179
1.66955
1.64716
1.62761
1.61274
1.60351
1.6
1.60117
1.60512
1.60993
1.61415
1.61684
1.61727
1.61472
1.60873
1.59967
1.58926
1.5805
1.57695
1.58125
1.5943
1.6153
1.6425
1.67361
1.70586
1.7361
1.76122
1.77876
1.78743
1.78705
1.77811
1.76088
1.73508
1.70078
1.6596
1.61537
1.57323
1.53793
1.51219
1.49636
1.48943
1.49037
1.49858
1.51332
1.53303
1.55554
1.57889
1.60216
1.62528
1.64806
1.66924
1.68645
1.69723
1.70008
1.69529
1.68509
1.67324
1.66401
1.66087
1.66533
1.67652
1.69158
1.70692
1.71937
1.72705
1.72944
1.72684
1.7198
1.70838
1.69197
1.66983
1.64273
1.61475
1.59244
1.57975
1.57406
1.56902
1.56058
1.54926
1.53846
1.53187
1.5315
1.53716
1.54722
1.55978
1.57346
1.58764
