1.09914
1.09618
1.09103
1.08348
1.07324
1.05997
1.04319
1.0224
0.997043
0.966642
0.930892
0.889808
0.843864
0.794144
0.742394
0.690966
0.64253
0.599708
0.56458
0.538377
0.521366
0.512941
0.511868
0.516545
0.52525
0.536335
0.548338
0.560072
0.570672
0.579604
0.586644
0.591858
0.595501
0.597944
0.599546
0.600582
0.601153
0.601209
0.600533
0.598805
0.595698
0.590965
0.584536
0.576543
0.567354
0.557528
0.547725
0.538599
0.530745
0.524621
0.520552
0.51871
0.519085
0.521506
0.525646
0.531057
0.537216
0.543561
0.549545
0.554674
0.558569
0.561025
0.562043
0.561801
0.560607
0.558863
0.556967
0.555281
0.554101
0.553686
0.554257
0.555957
0.558802
0.562618
0.567063
0.571718
0.57615
0.580055
0.583276
0.585809
0.587787
0.589422
0.590938
0.592527
0.594299
0.59628
0.598399
0.600516
0.602455
0.604011
0.605004
0.605281
0.604758
0.603444
0.601457
0.599031
0.596471
0.594092
0.59216
0.590831
1.09722
1.09051
1.07973
1.06482
1.04599
1.02393
0.99982
0.975124
0.951023
0.927945
0.905562
0.883303
0.860987
0.839109
0.818804
0.80156
0.788824
0.781485
0.779453
0.781478
0.78545
0.789197
0.791222
0.791116
0.78945
0.787501
0.786775
0.788632
0.793912
0.802778
0.814758
0.828884
0.843801
0.857909
0.869626
0.877701
0.881565
0.881543
0.878774
0.87477
0.87077
0.867423
0.864846
0.863021
0.8621
0.862465
0.864628
0.869065
0.875987
0.885202
0.896094
0.90772
0.919019
0.929006
0.936897
0.942208
0.944801
0.944811
0.942577
0.938506
0.932928
0.926033
0.917888
0.908515
0.898077
0.886993
0.875982
0.865964
0.857771
0.851846
0.848026
0.845692
0.844091
0.842671
0.841134
0.839372
0.837309
0.834885
0.8323
0.830225
0.829847
0.832512
0.839154
0.849786
0.863418
0.878433
0.893111
0.906107
0.916646
0.9245
0.92975
0.932603
0.933175
0.931444
0.927374
0.921021
0.912582
0.902307
0.890419
0.877105
1.08328
1.0625
1.03974
1.01663
0.994677
0.975276
0.959865
0.949682
0.945242
0.945954
0.950377
0.956923
0.964497
0.972676
0.981534
0.991242
1.00178
1.01283
1.02382
1.03395
1.04225
1.04747
1.04829
1.04348
1.03224
1.01461
0.991854
0.966495
0.942039
0.922085
0.909238
0.904575
0.907763
0.917529
0.932075
0.949341
0.967408
0.984753
1.00031
1.0134
1.02358
1.03064
1.03461
1.03585
1.03494
1.03261
1.0296
1.02663
1.02429
1.02291
1.02254
1.02301
1.02413
1.0258
1.02801
1.0308
1.03398
1.03708
1.03932
1.03986
1.03798
1.03328
1.02588
1.01647
1.00638
0.99775
0.993184
0.994879
1.00341
1.01708
1.03262
1.04649
1.05609
1.06032
1.05946
1.05462
1.04704
1.03767
1.02719
1.01655
1.00735
1.00157
1.00079
1.00517
1.01308
1.02172
1.02827
1.03085
1.02924
1.02501
1.02092
1.01954
1.02169
1.02601
1.03014
1.03238
1.03235
1.03059
1.02778
1.02443
1.0963
1.09236
1.08956
1.08901
1.09127
1.09605
1.10235
1.10896
1.11497
1.12005
1.12434
1.12805
1.13099
1.13248
1.13141
1.12667
1.11735
1.10294
1.08345
1.05959
1.03323
1.00763
0.987151
0.976031
0.976692
0.988601
1.00857
1.03215
1.05517
1.07465
1.08901
1.09777
1.10118
1.09985
1.09476
1.0872
1.07856
1.06969
1.06049
1.05037
1.03916
1.02791
1.01885
1.01443
1.01619
1.02398
1.03591
1.04929
1.06176
1.07189
1.07938
1.08459
1.08804
1.09004
1.0905
1.08912
1.08552
1.07938
1.07085
1.06085
1.05114
1.0439
1.04072
1.0418
1.04589
1.05107
1.05573
1.05889
1.06017
1.0596
1.05746
1.05431
1.05098
1.04858
1.04829
1.05111
1.05751
1.0673
1.07957
1.09294
1.1059
1.11717
1.1259
1.13165
1.13427
1.13375
1.13027
1.12419
1.11609
1.10662
1.09643
1.08593
1.07537
1.06496
1.05516
1.0465
1.03925
1.03337
1.02861
1.02478
1.09618
1.09037
1.08126
1.06768
1.04957
1.02834
1.00642
0.986455
0.970791
0.961433
0.959794
0.965962
0.978337
0.994468
1.01226
1.03061
1.04897
1.06646
1.08139
1.09153
1.09494
1.09118
1.08203
1.07135
1.06353
1.06125
1.06419
1.06969
1.07469
1.07728
1.07706
1.07494
1.07251
1.0715
1.07306
1.07714
1.08237
1.08681
1.08906
1.089
1.08763
1.08618
1.08528
1.08452
1.08274
1.07861
1.07143
1.06152
1.05035
1.03994
1.03201
1.02719
1.02482
1.02345
1.02158
1.01819
1.01292
1.00595
0.997814
0.98951
0.98243
0.978209
0.978305
0.983587
0.994191
1.00942
1.02769
1.04667
1.06387
1.07732
1.08611
1.0903
1.09062
1.08799
1.08337
1.0778
1.07237
1.06782
1.06428
1.06145
1.05932
1.05837
1.05917
1.06202
1.06682
1.07331
1.08139
1.09101
1.10183
1.11284
1.1225
1.12922
1.13237
1.13298
1.13337
1.13561
1.14005
1.14551
1.15041
1.15366
1.10086
1.10005
1.09743
1.09323
1.08779
1.08138
1.07407
1.06582
1.05672
1.04731
1.03872
1.0326
1.03054
1.03347
1.04126
1.05281
1.06641
1.08018
1.09218
1.10062
1.10399
1.1013
1.0925
1.07868
1.06212
1.04586
1.03313
1.02669
1.02833
1.03829
1.05476
1.07422
1.09236
1.10544
1.11126
1.10937
1.10094
1.08834
1.07455
1.06261
1.05499
1.05294
1.05608
1.06256
1.06979
1.07527
1.07732
1.07516
1.06884
1.05904
1.04691
1.03404
1.0223
1.01352
1.00891
1.00876
1.01237
1.01832
1.02511
1.03161
1.03725
1.04211
1.04679
1.0522
1.05927
1.06861
1.08035
1.09404
1.10873
1.12313
1.13587
1.14561
1.15106
1.15104
1.14497
1.13363
1.11973
1.10681
1.09686
1.08933
1.08248
1.07532
1.06795
1.0609
1.05442
1.04824
1.04185
1.03493
1.02767
1.02099
1.01634
1.01527
1.01891
1.02748
1.04022
1.05542
1.07082
1.08417
1.09363
1.09804
1.09819
1.09108
1.07955
1.06549
1.0516
1.04105
1.03649
1.03909
1.04807
1.06116
1.07546
1.08837
1.09818
1.10446
1.10777
1.10916
1.10949
1.10912
1.10779
1.10491
1.09991
1.09305
1.0862
1.08288
1.0863
1.09701
1.11228
1.12772
1.13907
1.14353
1.14037
1.13124
1.11957
1.10912
1.10198
1.09766
1.09396
1.08856
1.0802
1.06923
1.05766
1.04783
1.04003
1.03218
1.02204
1.0091
0.994737
0.981133
0.970102
0.962445
0.958415
0.958587
0.964094
0.97612
0.995034
1.01973
1.04757
1.07509
1.09896
1.1165
1.1257
1.12515
1.11445
1.09478
1.06932
1.0425
1.01854
1.00027
0.988879
0.984261
0.985433
0.990878
0.999002
1.00855
1.01872
1.02905
1.03924
1.04916
1.0588
1.06821
1.07749
1.08666
1.0956
1.10397
1.11114
1.11629
1.11869
1.11784
1.11351
1.10569
1.09462
1.08094
1.06587
1.05138
1.03978
1.03292
1.03142
1.03466
1.04147
1.05082
1.11053
1.12158
1.13147
1.13922
1.14414
1.14605
1.14505
1.14142
1.13568
1.12861
1.12132
1.1151
1.11096
1.10916
1.1089
1.10845
1.10567
1.09861
1.08615
1.06831
1.04655
1.02375
1.00383
0.990952
0.988059
0.995668
1.01157
1.03176
1.05194
1.06863
1.07966
1.08408
1.08201
1.07447
1.06331
1.05083
1.0393
1.03053
1.02566
1.02524
1.02919
1.03681
1.04661
1.05667
1.06528
1.07144
1.07514
1.07716
1.07886
1.08169
1.08673
1.09418
1.10302
1.11111
1.11579
1.11479
1.10698
1.0929
1.07486
1.05617
1.03992
1.02798
1.0208
1.01797
1.01871
1.02202
1.02676
1.03193
1.03678
1.0409
1.04406
1.04621
1.04735
1.04766
1.04761
1.04808
1.0501
1.05452
1.06157
1.07065
1.0804
1.08899
1.09465
1.09625
1.09369
1.08797
1.08104
1.07536
1.07316
1.0757
1.08288
1.09345
1.10548
1.11688
1.12576
1.13071
1.13103
1.1268
1.11895
1.10915
1.09104
1.0842
1.08131
1.08253
1.08691
1.09265
1.09771
1.10034
1.0999
1.09727
1.09464
1.09441
1.09802
1.10536
1.11514
1.12563
1.13565
1.14476
1.15304
1.16039
1.16645
1.17081
1.17321
1.17364
1.1722
1.16908
1.16431
1.15763
1.14873
1.13772
1.12606
1.11664
1.11242
1.11427
1.12021
1.12717
1.13294
1.13676
1.13872
1.13882
1.13645
1.13065
1.12067
1.10644
1.08883
1.06964
1.05146
1.03729
1.02985
1.03078
1.04013
1.05622
1.07616
1.09657
1.11416
1.12629
1.13159
1.13064
1.1261
1.12144
1.11903
1.11893
1.11949
1.11901
1.11669
1.11272
1.10772
1.10233
1.09712
1.09293
1.09118
1.0936
1.10127
1.11366
1.12871
1.1436
1.15543
1.16175
1.16134
1.15482
1.14462
1.13405
1.12594
1.12174
1.12137
1.12384
1.12784
1.13221
1.13603
1.13873
1.14009
1.14014
1.13913
1.13734
1.13509
1.13266
1.13019
1.12753
1.12411
1.11933
1.09425
1.0883
1.08422
1.08373
1.08775
1.09617
1.10797
1.12138
1.13414
1.14391
1.14872
1.14743
1.14008
1.12786
1.11304
1.09811
1.08507
1.07516
1.06901
1.06667
1.06745
1.07008
1.07329
1.0761
1.07789
1.07818
1.07648
1.07249
1.06645
1.0595
1.05367
1.0513
1.05417
1.06286
1.07687
1.095
1.11574
1.13724
1.1574
1.17414
1.18584
1.19162
1.19136
1.18541
1.17392
1.15672
1.13385
1.1064
1.07691
1.04882
1.02528
1.00812
0.997576
0.992954
0.99358
0.999053
1.00888
1.02202
1.03703
1.0526
1.0681
1.08352
1.09871
1.11283
1.1243
1.13149
1.13339
1.1302
1.12339
1.11549
1.10934
1.10725
1.11022
1.11768
1.12772
1.13795
1.14625
1.15137
1.15296
1.15123
1.14653
1.13892
1.12798
1.11322
1.09515
1.0765
1.06163
1.05316
1.04937
1.04601
1.04039
1.03284
1.02564
1.02125
1.021
1.02477
1.03148
1.03986
1.04898
1.05843
