-6.36316
-6.3584
-6.35032
-6.33861
-6.32178
-6.29926
-6.27035
-6.23474
-6.19326
-6.14491
-6.08851
-6.02384
-5.95457
-5.87895
-5.80075
-5.72311
-5.65173
-5.58913
-5.53817
-5.50086
-5.47654
-5.46616
-5.46643
-5.47311
-5.48784
-5.50501
-5.52289
-5.54083
-5.5565
-5.56993
-5.58051
-5.58867
-5.59499
-5.59911
-5.60171
-5.60304
-5.60323
-5.60216
-5.60056
-5.59854
-5.59304
-5.58644
-5.5758
-5.56345
-5.54968
-5.53459
-5.5204
-5.50596
-5.49395
-5.48506
-5.48004
-5.47761
-5.47865
-5.48287
-5.49005
-5.49877
-5.50838
-5.51818
-5.52752
-5.53504
-5.53962
-5.54309
-5.54486
-5.54479
-5.54258
-5.53992
-5.53633
-5.5334
-5.53142
-5.53048
-5.53135
-5.53347
-5.53866
-5.54465
-5.55153
-5.55896
-5.56585
-5.57116
-5.57679
-5.58019
-5.58294
-5.58536
-5.58779
-5.58944
-5.59243
-5.59422
-5.59741
-5.60027
-5.60298
-5.60494
-5.60573
-5.60573
-5.60437
-5.60168
-5.59922
-5.5975
-5.59367
-5.59015
-5.58719
-5.58529
-5.58065
-5.57074
-5.55366
-5.53007
-5.50219
-5.46748
-5.43098
-5.39336
-5.3569
-5.32212
-5.28724
-5.25384
-5.22053
-5.18832
-5.15776
-5.13232
-5.11399
-5.10502
-5.103
-5.10664
-5.11179
-5.11708
-5.1201
-5.11919
-5.11671
-5.11416
-5.11398
-5.1177
-5.12646
-5.13982
-5.15864
-5.1805
-5.20302
-5.22393
-5.24164
-5.25253
-5.25785
-5.25776
-5.25392
-5.24739
-5.24252
-5.23762
-5.23401
-5.23139
-5.22972
-5.23111
-5.23451
-5.24138
-5.25229
-5.26687
-5.28248
-5.29994
-5.31721
-5.33132
-5.34309
-5.35126
-5.35475
-5.355
-5.35165
-5.3453
-5.33733
-5.32634
-5.31394
-5.29955
-5.28285
-5.26513
-5.24733
-5.23298
-5.22208
-5.21353
-5.20792
-5.20488
-5.20239
-5.20116
-5.19943
-5.19645
-5.19254
-5.18871
-5.18485
-5.18144
-5.18155
-5.18534
-5.19638
-5.21362
-5.23485
-5.25698
-5.27792
-5.29814
-5.31264
-5.32403
-5.33198
-5.33606
-5.33643
-5.33288
-5.32612
-5.31657
-5.30407
-5.28749
-5.27034
-5.25048
-5.22204
-5.19016
-5.15571
-5.12127
-5.08833
-5.06123
-5.03792
-5.0229
-5.01647
-5.0176
-5.02451
-5.03454
-5.04616
-5.05776
-5.07177
-5.08631
-5.10132
-5.11672
-5.13358
-5.14904
-5.16095
-5.16822
-5.16974
-5.1619
-5.14481
-5.11809
-5.08305
-5.04444
-5.00835
-4.97874
-4.96066
-4.95641
-4.96228
-4.97808
-5.0003
-5.02614
-5.05337
-5.07843
-5.10174
-5.12141
-5.13698
-5.14603
-5.1511
-5.15259
-5.15172
-5.14821
-5.14411
-5.13912
-5.13558
-5.13412
-5.13371
-5.13513
-5.13689
-5.14008
-5.14304
-5.14775
-5.15255
-5.15757
-5.16164
-5.16199
-5.15891
-5.15189
-5.14088
-5.12654
-5.11102
-5.09774
-5.09111
-5.09423
-5.10782
-5.12992
-5.1532
-5.1726
-5.18654
-5.19238
-5.18995
-5.18114
-5.169
-5.15442
-5.13905
-5.12334
-5.10945
-5.10145
-5.10109
-5.10834
-5.12067
-5.13305
-5.14191
-5.14422
-5.14157
-5.13489
-5.12916
-5.12731
-5.1304
-5.13763
-5.14438
-5.14708
-5.14627
-5.14344
-5.14017
-5.1345
-5.12857
-5.12275
-5.11896
-5.11854
-5.12266
-5.12908
-5.13776
-5.14823
-5.15695
-5.16353
-5.17003
-5.17535
-5.17901
-5.18124
-5.17961
-5.17171
-5.15744
-5.13491
-5.10538
-5.06921
-5.02952
-4.99173
-4.96291
-4.94805
-4.95069
-4.96867
-4.99994
-5.03533
-5.0698
-5.09894
-5.11859
-5.13119
-5.13494
-5.13111
-5.1236
-5.11156
-5.09883
-5.0858
-5.07298
-5.05868
-5.04235
-5.02579
-5.01288
-5.00725
-5.01117
-5.02423
-5.04223
-5.06232
-5.08103
-5.09523
-5.10609
-5.11301
-5.11659
-5.12012
-5.11996
-5.11713
-5.11196
-5.10299
-5.08973
-5.07417
-5.05984
-5.04905
-5.04539
-5.0479
-5.05402
-5.06136
-5.06847
-5.07264
-5.07337
-5.0718
-5.06824
-5.06266
-5.05834
-5.05618
-5.056
-5.06075
-5.07029
-5.08603
-5.10455
-5.12389
-5.14315
-5.15957
-5.17254
-5.18116
-5.18416
-5.18247
-5.17638
-5.16691
-5.15526
-5.14076
-5.12555
-5.10903
-5.09183
-5.07718
-5.06141
-5.04997
-5.03903
-5.03084
-5.024
-5.01882
-5.01262
-5.00352
-4.98924
-4.96756
-4.93889
-4.90705
-4.87324
-4.84363
-4.8202
-4.808
-4.80705
-4.81814
-4.83819
-4.86276
-4.88943
-4.91639
-4.94417
-4.96986
-4.99305
-5.00705
-5.01018
-5.00324
-4.98959
-4.97312
-4.96225
-4.95895
-4.96411
-4.97233
-4.98032
-4.98452
-4.98277
-4.97958
-4.97664
-4.97591
-4.97821
-4.98478
-4.99293
-5.00009
-5.00414
-5.00423
-5.00239
-4.99982
-4.99854
-4.99658
-4.9938
-4.98657
-4.97578
-4.96137
-4.94444
-4.9288
-4.9172
-4.91056
-4.90515
-4.90267
-4.89968
-4.89554
-4.88721
-4.87653
-4.86271
-4.85003
-4.84003
-4.83426
-4.83468
-4.84326
-4.86039
-4.88351
-4.9115
-4.94002
-4.96507
-4.98398
-4.99689
-5.00284
-5.00281
-4.99896
-4.99181
-4.98371
-4.97626
-4.97065
-4.96547
-4.96238
-4.96083
-4.95962
-4.96218
-4.96738
-4.97469
-4.98482
-4.99777
-5.01349
-5.02908
-5.04475
-5.05904
-5.0692
-5.07268
-5.07218
-5.07127
-5.07392
-5.08069
-5.08843
-5.09545
-5.10078
-5.10209
-5.1006
-5.09671
-5.0899
-5.08083
-5.07062
-5.05891
-5.04594
-5.03205
-5.01916
-5.00654
-4.99862
-4.99684
-5.0029
-5.0151
-5.03392
-5.05478
-5.07439
-5.09152
-5.10231
-5.1062
-5.10169
-5.08808
-5.06781
-5.04234
-5.01751
-4.99843
-4.98974
-4.99318
-5.00836
-5.03379
-5.06262
-5.09006
-5.10704
-5.11535
-5.11202
-5.09902
-5.08003
-5.05881
-5.04126
-5.03107
-5.02929
-5.03451
-5.04514
-5.05511
-5.06306
-5.06629
-5.0618
-5.0522
-5.03631
-5.01713
-4.99771
-4.97982
-4.9666
-4.96036
-4.96093
-4.96709
-4.97595
-4.9857
-4.99519
-5.00412
-5.01043
-5.01749
-5.02504
-5.03625
-5.05062
-5.06827
-5.08859
-5.11127
-5.13362
-5.15222
-5.16688
-5.17341
-5.1737
-5.1646
-5.14743
-5.12635
-5.10779
-5.09303
-5.08164
-5.07257
-5.06253
-5.05118
-5.03978
-5.03043
-5.02102
-5.01076
-4.99969
-4.98927
-4.97929
-4.97336
-4.97301
-4.9789
-4.99217
-5.01103
-5.03357
-5.05666
-5.07771
-5.09121
-5.09807
-5.094
-5.08212
-5.0643
-5.04258
-5.02203
-5.00679
-5.00206
-5.00777
-5.0237
-5.04386
-5.06466
-5.08365
-5.0992
-5.10887
-5.11347
-5.1143
-5.11498
-5.11415
-5.11152
-5.10676
-5.09863
-5.08755
-5.07726
-5.07325
-5.07922
-5.09622
-5.11932
-5.14168
-5.15782
-5.16305
-5.15741
-5.14215
-5.12429
-5.10859
-5.09839
-5.09293
-5.08771
-5.07892
-5.06637
-5.05026
-5.03229
-5.01819
-5.00591
-4.99376
-4.97811
-4.95897
-4.93769
-4.91787
-4.90255
-4.89174
-4.88567
-4.88634
-4.89535
-4.91428
-4.94379
-4.98106
-5.02347
-5.06382
-5.09869
-5.12386
-5.13613
-5.13228
-5.11429
-5.08396
-5.04585
-5.00639
-4.97101
-4.9449
-4.929
-4.92424
-4.9266
-4.93603
-4.94835
-4.96296
-4.97871
-4.99329
-5.0087
-5.02339
-5.03856
-5.05296
-5.06671
-5.07968
-5.09334
-5.10743
-5.11778
-5.12394
-5.12617
-5.12499
-5.11797
-5.10648
-5.09048
-5.0692
-5.04668
-5.02446
-5.00737
-4.99788
-4.99566
-4.99991
-5.01118
-5.02461
-5.04396
-5.05952
-5.07471
-5.0864
-5.09364
-5.09634
-5.09458
-5.08803
-5.08005
-5.06887
-5.05682
-5.04789
-5.04158
-5.03844
-5.03754
-5.03698
-5.03214
-5.022
-5.00261
-4.97574
-4.94135
-4.90774
-4.87941
-4.86143
-4.8584
-4.87233
-4.89697
-4.92709
-4.95719
-4.98119
-4.99679
-5.00271
-4.99944
-4.98776
-4.96929
-4.94996
-4.93282
-4.92125
-4.91505
-4.91538
-4.92194
-4.93321
-4.94733
-4.96139
-4.97504
-4.9845
-4.98912
-4.992
-4.99341
-4.99763
-5.00511
-5.0163
-5.02962
-5.04081
-5.04697
-5.0451
-5.0331
-5.01181
-4.9826
-4.95383
-4.93031
-4.91327
-4.90439
-4.90075
-4.90217
-4.90606
-4.91286
-4.91954
-4.92703
-4.93338
-4.93767
-4.94014
-4.94231
-4.94343
-4.94352
-4.94514
-4.94879
-4.95672
-4.96766
-4.9824
-4.99546
-5.00772
-5.0155
-5.01787
-5.01482
-5.0062
-4.99537
-4.98678
-4.98489
-4.99171
-5.00325
-5.02006
-5.03831
-5.05439
-5.06721
-5.07367
-5.07313
-5.06511
-5.05337
-5.03824
-5.02296
-5.01339
-5.00953
-5.01147
-5.01807
-5.02764
-5.03527
-5.03816
-5.03737
-5.03416
-5.03027
-5.02984
-5.0363
-5.04733
-5.06237
-5.07902
-5.0933
-5.1073
-5.11899
-5.12909
-5.13886
-5.14526
-5.14872
-5.14876
-5.14544
-5.14037
-5.13279
-5.12277
-5.10967
-5.09383
-5.07509
-5.06231
-5.05722
-5.06049
-5.07066
-5.0812
-5.08912
-5.09425
-5.09678
-5.09677
-5.09246
-5.08333
-5.06694
-5.04486
-5.01836
-4.99013
-4.96356
-4.94345
-4.93211
-4.93451
-4.95
-4.97463
-5.005
-5.03616
-5.06234
-5.0782
-5.08467
-5.08309
-5.07708
-5.07001
-5.06635
-5.06688
-5.06888
-5.0676
-5.06475
-5.0592
-5.05084
-5.04335
-5.03698
-5.03155
-5.02928
-5.03351
-5.0449
-5.06299
-5.08634
-5.10841
-5.12503
-5.13461
-5.13282
-5.12229
-5.10595
-5.09029
-5.07821
-5.07222
-5.07278
-5.07725
-5.08263
-5.08916
-5.09414
-5.0977
-5.09862
-5.09883
-5.09657
-5.09334
-5.08962
-5.08565
-5.0827
-5.07819
-5.07319
-5.0661
-5.0563
-5.04707
-5.04078
-5.03964
-5.0462
-5.06078
-5.07917
-5.0998
-5.11698
-5.13056
-5.13707
-5.13495
-5.12428
-5.10616
-5.08434
-5.06272
-5.04206
-5.02772
-5.01893
-5.01565
-5.01794
-5.02191
-5.02641
-5.03097
-5.03346
-5.03348
-5.0309
-5.02397
-5.01527
-5.00472
-4.99648
-4.99377
-4.99803
-5.01132
-5.03304
-5.06074
-5.09194
-5.12475
-5.15552
-5.17907
-5.19621
-5.20351
-5.2021
-5.19218
-5.17487
-5.1482
-5.11295
-5.07126
-5.02669
-4.98383
-4.94925
-4.92558
-4.91161
-4.9049
-4.90734
-4.91595
-4.93097
-4.95076
-4.97313
-4.99665
-5.01959
-5.04149
-5.06419
-5.08433
-5.0998
-5.10983
-5.11263
-5.1058
-5.0957
-5.08286
-5.07471
-5.07306
-5.07857
-5.09045
-5.10585
-5.12194
-5.13307
-5.14113
-5.143
-5.13872
-5.13186
-5.12088
-5.10484
-5.08242
-5.05498
-5.02651
-5.00448
-4.99316
-4.98768
-4.98241
-4.97405
-4.9632
-4.95328
-4.94816
-4.94783
-4.95523
-4.96592
-4.97895
-4.99224
-5.00661
