-4.71445
-4.71412
-4.71378
-4.7134
-4.71192
-4.70931
-4.70557
-4.70115
-4.6977
-4.69495
-4.69217
-4.68913
-4.68878
-4.68773
-4.68716
-4.68666
-4.68794
-4.68957
-4.6913
-4.69329
-4.69449
-4.69675
-4.69863
-4.69829
-4.69997
-4.7005
-4.70038
-4.70072
-4.7005
-4.70052
-4.70054
-4.70089
-4.70174
-4.70219
-4.7024
-4.70217
-4.7015
-4.70035
-4.69976
-4.70033
-4.6995
-4.7
-4.69899
-4.69863
-4.69865
-4.6983
-4.69881
-4.69806
-4.69784
-4.69813
-4.69921
-4.69955
-4.70002
-4.70061
-4.70159
-4.70219
-4.70256
-4.70284
-4.7032
-4.70303
-4.70177
-4.70155
-4.7018
-4.70208
-4.70167
-4.70162
-4.70087
-4.70048
-4.70027
-4.69996
-4.69997
-4.69954
-4.70045
-4.70073
-4.70094
-4.70139
-4.70163
-4.70108
-4.70188
-4.70148
-4.70126
-4.70123
-4.70138
-4.70065
-4.70098
-4.6998
-4.69981
-4.69949
-4.6993
-4.69893
-4.69822
-4.69781
-4.69723
-4.69651
-4.69703
-4.69896
-4.69896
-4.69901
-4.69895
-4.69904
-3.93482
-3.93498
-3.93406
-3.93284
-3.9332
-3.93159
-3.93125
-3.93067
-3.93037
-3.93021
-3.9289
-3.92889
-3.92905
-3.92965
-3.92955
-3.92998
-3.93075
-3.93279
-3.93382
-3.93442
-3.93362
-3.93329
-3.93327
-3.93252
-3.93253
-3.93291
-3.93382
-3.93475
-3.93559
-3.93565
-3.9365
-3.93718
-3.93732
-3.93707
-3.9372
-3.93598
-3.9355
-3.93545
-3.93576
-3.93524
-3.93637
-3.93648
-3.93674
-3.93686
-3.93657
-3.93741
-3.93757
-3.93779
-3.93831
-3.93906
-3.93834
-3.93836
-3.93868
-3.93781
-3.93775
-3.93795
-3.93754
-3.93778
-3.93778
-3.93754
-3.93794
-3.93729
-3.93711
-3.93678
-3.93574
-3.93464
-3.93336
-3.93404
-3.93542
-3.93576
-3.93588
-3.93634
-3.93625
-3.93715
-3.93773
-3.93739
-3.93658
-3.93638
-3.9364
-3.93611
-3.93678
-3.93657
-3.93765
-3.93894
-3.93972
-3.93933
-3.93825
-3.93898
-3.93768
-3.93728
-3.93735
-3.93716
-3.93667
-3.93571
-3.93506
-3.93503
-3.9352
-3.93403
-3.93471
-3.93482
-3.59712
-3.59642
-3.5961
-3.59633
-3.59631
-3.59832
-3.59813
-3.59837
-3.59861
-3.59867
-3.59894
-3.59916
-3.59941
-3.59875
-3.59947
-3.59945
-3.59865
-3.59747
-3.59786
-3.59811
-3.59759
-3.59702
-3.59731
-3.59668
-3.59645
-3.59617
-3.59527
-3.5947
-3.59529
-3.59561
-3.59681
-3.59955
-3.60064
-3.60179
-3.60219
-3.60213
-3.60226
-3.6013
-3.60127
-3.60131
-3.60161
-3.60008
-3.59918
-3.59881
-3.59931
-3.5993
-3.59972
-3.59917
-3.59915
-3.59976
-3.5999
-3.60061
-3.6007
-3.60138
-3.60101
-3.60154
-3.60158
-3.60195
-3.60267
-3.6022
-3.60194
-3.60197
-3.60206
-3.60184
-3.60144
-3.60112
-3.60133
-3.60192
-3.60271
-3.60429
-3.60427
-3.60287
-3.6024
-3.60189
-3.60075
-3.59921
-3.59843
-3.59791
-3.59827
-3.59851
-3.59843
-3.59909
-3.5999
-3.60059
-3.60105
-3.60047
-3.59951
-3.59795
-3.59771
-3.59737
-3.59778
-3.59801
-3.59787
-3.59861
-3.59916
-3.59851
-3.59775
-3.59755
-3.5985
-3.59785
-3.48412
-3.48421
-3.48463
-3.48503
-3.48575
-3.485
-3.48422
-3.48479
-3.4845
-3.48346
-3.48352
-3.48328
-3.48251
-3.48251
-3.48249
-3.4817
-3.48142
-3.48049
-3.48022
-3.47983
-3.47969
-3.48029
-3.48219
-3.48401
-3.48565
-3.48577
-3.48708
-3.48711
-3.48705
-3.48696
-3.48507
-3.48454
-3.48318
-3.48133
-3.48147
-3.48076
-3.48099
-3.48127
-3.48224
-3.48312
-3.48361
-3.48392
-3.48461
-3.48561
-3.48688
-3.48827
-3.48837
-3.48838
-3.4884
-3.4874
-3.48702
-3.48612
-3.48453
-3.48507
-3.48421
-3.48345
-3.48369
-3.48391
-3.48345
-3.4829
-3.48313
-3.4832
-3.48432
-3.48519
-3.48518
-3.48475
-3.48488
-3.4843
-3.48311
-3.4824
-3.48205
-3.4812
-3.48187
-3.48331
-3.48357
-3.48409
-3.48402
-3.48508
-3.48519
-3.48448
-3.4843
-3.48382
-3.48369
-3.48368
-3.48276
-3.48184
-3.48097
-3.48062
-3.48113
-3.48083
-3.48091
-3.48013
-3.47878
-3.47974
-3.47867
-3.48023
-3.48014
-3.48078
-3.48109
-3.48166
-3.36835
-3.36796
-3.36735
-3.36603
-3.36453
-3.36455
-3.36361
-3.36395
-3.36401
-3.36585
-3.36736
-3.36919
-3.37068
-3.37105
-3.37104
-3.37047
-3.37072
-3.37017
-3.37097
-3.36976
-3.36776
-3.36647
-3.36655
-3.36609
-3.36695
-3.36708
-3.36783
-3.3678
-3.36828
-3.36861
-3.36718
-3.36716
-3.36787
-3.36865
-3.36861
-3.36906
-3.36938
-3.36987
-3.37056
-3.37073
-3.37094
-3.37055
-3.37062
-3.36981
-3.36969
-3.36865
-3.36865
-3.36909
-3.36891
-3.36888
-3.36919
-3.36978
-3.36793
-3.36749
-3.36732
-3.36825
-3.36782
-3.3676
-3.36599
-3.36577
-3.36638
-3.36694
-3.36723
-3.36788
-3.3691
-3.36938
-3.36997
-3.37001
-3.36926
-3.36799
-3.36773
-3.36739
-3.36689
-3.36697
-3.36676
-3.36701
-3.36771
-3.36892
-3.36905
-3.3702
-3.37185
-3.37208
-3.37343
-3.37434
-3.37446
-3.37485
-3.3757
-3.37697
-3.37633
-3.37549
-3.37529
-3.37537
-3.37412
-3.3727
-3.37121
-3.3705
-3.37061
-3.37017
-3.36983
-3.37028
-3.4508
-3.45052
-3.45057
-3.45005
-3.44914
-3.44855
-3.44781
-3.44721
-3.44696
-3.4482
-3.44845
-3.44972
-3.45103
-3.4527
-3.45321
-3.4547
-3.45516
-3.45412
-3.45325
-3.45138
-3.45021
-3.44973
-3.44932
-3.44979
-3.44916
-3.44872
-3.44874
-3.4497
-3.45068
-3.45093
-3.45165
-3.45129
-3.45152
-3.44887
-3.44846
-3.44797
-3.44761
-3.44752
-3.44699
-3.44735
-3.44859
-3.44988
-3.45039
-3.45129
-3.45043
-3.45016
-3.45031
-3.44906
-3.44894
-3.44774
-3.44676
-3.44664
-3.44636
-3.44632
-3.447
-3.44779
-3.44854
-3.44847
-3.44804
-3.44778
-3.44825
-3.44726
-3.4473
-3.44674
-3.44735
-3.44771
-3.44775
-3.44752
-3.44818
-3.44893
-3.44842
-3.44847
-3.44681
-3.44713
-3.44715
-3.44699
-3.44675
-3.44758
-3.44773
-3.44765
-3.44885
-3.44954
-3.44925
-3.44843
-3.4488
-3.44866
-3.44798
-3.4473
-3.44776
-3.44781
-3.44885
-3.4501
-3.45054
-3.45094
-3.4507
-3.45043
-3.45042
-3.45146
-3.45077
-3.45101
-3.44671
-3.44551
-3.44497
-3.44434
-3.44463
-3.44522
-3.44732
-3.44913
-3.45159
-3.45212
-3.45147
-3.45109
-3.45193
-3.45218
-3.45181
-3.45055
-3.45074
-3.45047
-3.44983
-3.4494
-3.44876
-3.44798
-3.44795
-3.44893
-3.44977
-3.45071
-3.4509
-3.4501
-3.44921
-3.44776
-3.44685
-3.44529
-3.44494
-3.4449
-3.44542
-3.44644
-3.44678
-3.44609
-3.44608
-3.44642
-3.44579
-3.44645
-3.44587
-3.4455
-3.44506
-3.44532
-3.44558
-3.44617
-3.4474
-3.44808
-3.44805
-3.44846
-3.44921
-3.4501
-3.45124
-3.45147
-3.45212
-3.45118
-3.45024
-3.44911
-3.44759
-3.44455
-3.44262
-3.44179
-3.44187
-3.44264
-3.44319
-3.44448
-3.44568
-3.44785
-3.44845
-3.44971
-3.44985
-3.45014
-3.45064
-3.44973
-3.44984
-3.44965
-3.45036
-3.45064
-3.45047
-3.44969
-3.44994
-3.45147
-3.45108
-3.4495
-3.44813
-3.44823
-3.4477
-3.44794
-3.44855
-3.44779
-3.44788
-3.4474
-3.4477
-3.4485
-3.44852
-3.44793
-3.44898
-3.44838
-3.37816
-3.37716
-3.3775
-3.37757
-3.37742
-3.37727
-3.377
-3.37589
-3.37653
-3.37597
-3.37483
-3.37524
-3.37514
-3.3747
-3.3742
-3.3743
-3.37363
-3.37408
-3.37339
-3.37327
-3.37152
-3.37212
-3.37366
-3.37501
-3.37631
-3.37883
-3.37962
-3.37945
-3.37928
-3.37825
-3.37729
-3.37659
-3.37643
-3.37605
-3.37433
-3.37372
-3.37387
-3.37545
-3.37655
-3.37753
-3.37815
-3.37799
-3.37741
-3.37639
-3.37712
-3.37734
-3.37641
-3.37626
-3.37512
-3.37509
-3.37502
-3.37503
-3.37508
-3.37415
-3.37328
-3.37291
-3.37264
-3.37245
-3.3703
-3.36957
-3.37043
-3.3713
-3.3732
-3.3738
-3.3741
-3.37304
-3.37271
-3.37165
-3.37186
-3.37203
-3.37158
-3.37082
-3.37128
-3.37194
-3.3721
-3.37302
-3.37363
-3.37494
-3.37531
-3.37642
-3.37487
-3.37424
-3.37353
-3.37349
-3.37428
-3.37425
-3.37381
-3.37374
-3.37516
-3.37816
-3.37893
-3.37989
-3.38009
-3.37908
-3.37857
-3.3776
-3.37659
-3.3749
-3.37493
-3.37451
-3.38641
-3.38708
-3.38757
-3.38768
-3.38771
-3.38866
-3.3887
-3.38764
-3.38752
-3.38825
-3.38831
-3.38822
-3.38927
-3.38929
-3.38967
-3.39056
-3.38984
-3.39016
-3.38942
-3.3885
-3.38918
-3.38905
-3.3889
-3.38831
-3.38714
-3.38674
-3.38633
-3.38632
-3.38658
-3.38724
-3.386
-3.38736
-3.38859
-3.38909
-3.39035
-3.39044
-3.38971
-3.38912
-3.3887
-3.38854
-3.38779
-3.38735
-3.38594
-3.3852
-3.38512
-3.38568
-3.38638
-3.38752
-3.38734
-3.38834
-3.38981
-3.3903
-3.39076
-3.39131
-3.3911
-3.38877
-3.38728
-3.38712
-3.38793
-3.38785
-3.3878
-3.38849
-3.38964
-3.38909
-3.38971
-3.39012
-3.38926
-3.38985
-3.3913
-3.39216
-3.39251
-3.39311
-3.39299
-3.3925
-3.39328
-3.39302
-3.39189
-3.39198
-3.39081
-3.39006
-3.38902
-3.38922
-3.3893
-3.38961
-3.39072
-3.39149
-3.39087
-3.39084
-3.3901
-3.3896
-3.38849
-3.38861
-3.38787
-3.38733
-3.38698
-3.38667
-3.38742
-3.3869
-3.38703
-3.3871
-3.41493
-3.41462
-3.41445
-3.41404
-3.41458
-3.41653
-3.41721
-3.41773
-3.41578
-3.4147
-3.41399
-3.4138
-3.41417
-3.41436
-3.41479
-3.41556
-3.41445
-3.41498
-3.41541
-3.41565
-3.41677
-3.41679
-3.41649
-3.41682
-3.41663
-3.41621
-3.41618
-3.41524
-3.4156
-3.41546
-3.41598
-3.41682
-3.41678
-3.41703
-3.41774
-3.41824
-3.41834
-3.41889
-3.41942
-3.41785
-3.41745
-3.41609
-3.41505
-3.41407
-3.41399
-3.41312
-3.41217
-3.41166
-3.41132
-3.4106
-3.41133
-3.41339
-3.41525
-3.41547
-3.41697
-3.41737
-3.41765
-3.41773
-3.41759
-3.41775
-3.41743
-3.41621
-3.41613
-3.4151
-3.41335
-3.4126
-3.41254
-3.41051
-3.41061
-3.40962
-3.4107
-3.41219
-3.41324
-3.41393
-3.41427
-3.41502
-3.4137
-3.41408
-3.41356
-3.41188
-3.41206
-3.4125
-3.41286
-3.41259
-3.41226
-3.41176
-3.41204
-3.41342
-3.41362
-3.41339
-3.41347
-3.41394
-3.41482
-3.41629
-3.41633
-3.41807
-3.4187
-3.41917
-3.41878
-3.41897
