-0.227223   -0.450886   0.413831
-0.0704986   -0.113783   0.139157
0.34632   -0.0903205   0.0745993
0.442891   0.141628   -0.198796
-0.315315   -0.394507   -0.112757
-0.354792   -0.196826   -0.39952
0.429948   -0.215326   -0.0304819
-0.262642   0.42578   0.250119
-0.211715   0.322074   0.314041
0.0505469   -0.491639   0.0843722
0.313072   -0.150559   -0.315614
0.179035   -0.38087   -0.322028
-0.367034   0.0372821   0.290385
-0.107537   0.112761   -0.217877
0.351091   0.454783   0.411994
-0.324439   -0.189418   0.379825
0.309596   0.404421   0.460822
-0.371644   0.367392   0.146359
0.0537129   -0.00012856   -0.186629
0.215639   -0.0720465   0.173007
0.1445   0.108792   -0.146011
0.0291671   -0.105786   -0.187362
0.145591   0.0235996   -0.123646
-0.475972   -0.162849   0.184005
-0.2881   0.252038   -0.24388
-0.229558   0.0270045   -0.388433
-0.448749   0.347888   0.348698
0.0784877   -0.463112   -0.247549
0.0154141   -0.0987596   0.104997
-0.100413   -0.498377   -0.301748
-0.19755   0.285265   -0.394293
0.192727   0.0615566   -0.0265942
-0.459387   0.115502   -0.428442
0.364113   -0.496319   0.48384
-0.267696   -0.145182   -0.407308
-0.241405   0.179955   -0.308283
-0.158259   -0.415825   -0.22922
0.370239   -0.46437   -0.334015
0.110666   -0.0708688   0.0562987
0.468371   0.12966   0.22695
0.398242   0.243116   -0.0379085
0.0892087   0.436386   0.0265431
0.160746   -0.477402   0.391958
-0.0265961   0.299173   -0.285231
0.195116   0.491561   -0.0964653
0.187867   0.198051   0.0624614
0.131707   -0.369221   -0.406036
0.121228   -0.247226   0.0956471
0.217087   -0.392177   0.0402603
0.138877   0.039188   0.0217963
-0.450354   0.19452   -0.17195
0.164601   -0.201007   -0.470464
0.271703   0.420097   -0.469002
0.195724   -0.281333   -0.239785
0.49602   -0.276891   -0.247158
-0.411223   0.359263   -0.335856
-0.343414   0.281483   0.103742
0.0433343   -0.351852   -0.398442
-0.260315   0.0404995   -0.186671
0.317939   -0.12587   0.36541
0.272429   0.130689   -0.0489467
-0.373292   0.270503   -0.174466
0.184554   0.340068   0.0273279
0.170406   0.238972   0.348723
0.206333   0.201835   -0.430271
0.136731   -0.335728   -0.484094
0.255036   -0.269978   0.109495
0.0603473   0.161139   0.291717
-0.039912   0.2412   -0.408675
-0.426254   -0.232403   0.259207
0.481387   -0.0708138   -0.0176012
-0.0717799   0.480364   -0.147936
-0.165934   -0.464457   0.131492
-0.0942421   -0.215715   0.107526
-0.49158   -0.139463   -0.229179
-0.458349   -0.00825648   0.169495
-0.199902   -0.0782293   0.110985
-0.199922   -0.363747   0.126537
-0.264483   -0.269236   -0.0833364
0.103197   0.302105   0.392827
0.243938   0.384229   0.291513
-0.367221   0.338467   -0.14111
0.377591   -0.23674   -0.499771
-0.250166   -0.376437   0.443406
0.202825   -0.378126   0.282374
-0.25975   0.101987   0.288743
-0.297945   -0.236295   -0.28288
-0.316183   0.0508314   -0.0311335
-0.222577   -0.459609   -0.00691592
-0.121941   0.422497   0.108019
0.499062   -0.323617   0.252039
-0.0164397   -0.0590026   0.190083
0.268411   -0.101232   0.105827
-0.215363   -0.0210449   0.438787
0.452045   -0.156166   -0.150442
0.368128   -0.183528   -0.200268
-0.231849   0.386778   -0.121246
-0.280471   0.342195   0.446503
-0.111653   -0.14242   -0.384055
-0.465184   0.446018   0.190202
-0.161323   0.469154   -0.476966
-0.336101   0.141592   0.238666
-0.467036   0.273461   -0.166181
0.0693513   0.354882   -0.271953
-0.442387   0.165996   0.242977
-0.24032   0.321932   -0.18578
0.196144   0.134897   0.451447
0.258408   -0.0219739   0.101696
