-6.6481
-6.64187
-6.62099
-6.60652
-6.59602
-6.58832
-6.58033
-6.57696
-6.575
-6.57401
-6.57443
-6.5753
-6.57538
-6.57699
-6.57837
-6.57882
-6.57839
-6.57814
-6.57658
-6.57546
-6.57425
-6.57403
-6.57358
-6.57231
-6.57093
-6.5717
-6.57237
-6.57391
-6.5724
-6.57332
-6.57305
-6.57608
-6.57618
-6.57814
-6.57961
-6.58216
-6.5825
-6.58161
-6.58211
-6.58404
-6.58262
-6.58084
-6.582
-6.58098
-6.58302
-6.58328
-6.58469
-6.58335
-6.58215
-6.58135
-6.57963
-6.57858
-6.57719
-6.57935
-6.58052
-6.57943
-6.58062
-6.57987
-6.57883
-6.5794
-6.57704
-6.57852
-6.57831
-6.57834
-6.5786
-6.57976
-6.5812
-6.58035
-6.58144
-6.58287
-6.58335
-6.58483
-6.58536
-6.583
-6.5826
-6.58353
-6.58416
-6.58352
-6.58356
-6.58331
-6.58178
-6.58124
-6.58137
-6.5815
-6.58131
-6.58141
-6.5808
-6.57978
-6.5793
-6.58035
-6.58005
-6.57908
-6.5788
-6.5786
-6.57854
-6.58057
-6.58014
-6.57819
-6.5779
-6.5776
-6.57693
-6.5765
-6.57823
-6.57533
-6.57654
-6.57735
-6.57647
-6.57588
-6.57595
-6.57381
-6.57532
-6.57599
-6.57584
-6.57583
-6.57658
-6.57708
-6.57727
-6.57902
-6.58131
-6.58476
-6.58578
-6.58664
-6.58768
-6.58795
-6.58781
-6.58663
-6.58933
-6.5888
-6.58573
-6.58468
-6.58405
-6.58421
-6.58354
-6.58527
-6.58359
-6.58234
-6.58439
-6.58517
-6.58489
-6.5822
-6.58356
-6.58641
-6.58592
-6.58441
-6.58259
-6.58078
-6.5803
-6.57984
-6.58072
-6.58034
-6.57936
-6.57909
-6.57888
-6.57743
-6.57928
-6.5789
-6.58179
-6.58146
-6.58176
-6.58198
-6.58143
-6.58233
-6.58048
-6.58238
-6.5813
-6.58154
-6.58057
-6.58133
-6.58093
-6.57934
-6.5791
-6.57597
-6.57804
-6.58078
-6.5813
-6.58156
-6.58317
-6.58253
-6.58413
-6.58438
-6.58519
-6.58686
-6.59006
-6.58959
-6.58515
-6.58451
-6.58447
-6.58342
-6.58173
-6.58104
-6.58139
-6.58215
-6.58173
-6.58337
-6.58417
-6.58604
-6.58539
-6.58737
-6.58673
-6.58701
-6.58623
-6.58567
-6.58502
-6.58365
-6.58353
-6.58564
-6.58548
-6.58306
-6.58326
-6.58414
-6.5857
-6.58697
-6.58662
-6.58497
-6.58526
-6.58262
-6.58226
-6.5832
-6.57997
-6.58064
-6.58264
-6.58433
-6.58506
-6.58386
-6.58428
-6.58375
-6.58387
-6.58368
-6.58058
-6.57909
-6.58047
-6.58214
-6.58243
-6.58102
-6.58213
-6.58158
-6.58132
-6.58174
-6.58026
-6.58081
-6.58079
-6.5805
-6.5822
-6.58423
-6.58529
-6.58406
-6.58413
-6.58323
-6.58591
-6.58538
-6.5842
-6.58368
-6.58378
-6.58482
-6.58454
-6.5823
-6.58296
-6.58331
-6.58401
-6.58311
-6.58318
-6.5826
-6.5846
-6.5853
-6.58502
-6.58635
-6.58571
-6.58535
-6.58688
-6.58672
-6.59072
-6.58981
-6.59212
-6.58957
-6.58704
-6.58681
-6.58532
-6.58484
-6.5831
-6.58367
-6.58331
-6.58332
-6.58176
-6.58255
-6.58016
-6.58077
-6.57981
-6.5805
-6.58182
-6.5821
-6.58259
-6.58195
-6.58115
-6.57957
-6.57824
-6.57818
-6.57722
-6.57767
-6.58025
-6.58108
-6.58111
-6.57932
-6.58114
-6.58164
-6.58269
-6.58361
-6.58662
-6.58557
-6.58533
-6.58301
-6.58189
-6.58137
-6.58115
-6.57997
-6.58015
-6.58105
-6.57753
-6.57642
-6.57646
-6.57474
-6.57739
-6.5779
-6.57654
-6.57549
-6.57697
-6.5764
-6.57636
-6.57878
-6.57882
-6.57908
-6.57731
-6.57965
-6.57999
-6.57965
-6.58061
-6.58001
-6.58174
-6.57933
-6.58058
-6.57897
-6.5784
-6.57948
-6.5809
-6.58103
-6.58115
-6.58353
-6.58298
-6.58274
-6.5828
-6.58446
-6.58349
-6.58344
-6.584
-6.58159
-6.58208
-6.57965
-6.57917
-6.58099
-6.57991
-6.57786
-6.57677
-6.57536
-6.57429
-6.5765
-6.57716
-6.57728
-6.57622
-6.57752
-6.57629
-6.57701
-6.57964
-6.58025
-6.58011
-6.57988
-6.5802
-6.57882
-6.58224
-6.58171
-6.58179
-6.58346
-6.58155
-6.58094
-6.57937
-6.57979
-6.58026
-6.57985
-6.58147
-6.58289
-6.58248
-6.58473
-6.58411
-6.58574
-6.58663
-6.5845
-6.58322
-6.58312
-6.58296
-6.58341
-6.5842
-6.58308
-6.58396
-6.58423
-6.58357
-6.5826
-6.58261
-6.5813
-6.58029
-6.58117
-6.58234
-6.58348
-6.58235
-6.58127
-6.58319
-6.5833
-6.58228
-6.58011
-6.58127
-6.58146
-6.58382
-6.58601
-6.58606
-6.58464
-6.58567
-6.58403
-6.58559
-6.58489
-6.58615
-6.58551
-6.58296
-6.5824
-6.58156
-6.5814
-6.58194
-6.58091
-6.58092
-6.58165
-6.58118
-6.57921
-6.57797
-6.58007
-6.58027
-6.58239
-6.58119
-6.58145
-6.5799
-6.58074
-6.58044
-6.58035
-6.58086
-6.58204
-6.58234
-6.5792
-6.57816
-6.57757
-6.57707
-6.57856
-6.57877
-6.57832
-6.58013
-6.57967
-6.58175
-6.58405
-6.58199
-6.583
-6.58422
-6.58443
-6.5811
-6.57949
-6.57999
-6.57874
-6.57865
-6.57937
-6.57985
-6.58165
-6.58373
-6.58572
-6.5863
-6.5845
-6.58485
-6.58283
-6.58395
-6.58275
-6.58184
-6.58222
-6.58232
-6.58214
-6.58041
-6.58165
-6.5826
-6.58261
-6.58134
-6.58137
-6.58172
-6.58174
-6.5843
-6.58393
-6.58385
-6.58505
-6.58528
-6.58262
-6.58288
-6.58284
-6.58349
-6.58547
-6.58718
-6.58699
-6.58587
-6.58474
-6.58519
-6.58395
-6.58424
-6.58511
-6.58366
-6.58381
-6.58299
-6.58024
-6.5814
-6.58097
-6.57994
-6.57896
-6.57869
-6.57978
-6.5777
-6.57795
-6.57694
-6.57658
-6.57844
-6.57961
-6.58101
-6.58234
-6.58424
-6.58447
-6.58174
-6.57997
-6.5808
-6.58036
-6.57965
-6.57866
-6.57739
-6.57903
-6.57969
-6.57902
-6.57994
-6.57825
-6.57786
-6.57748
-6.57841
-6.58066
-6.581
-6.58234
-6.58405
-6.58517
-6.58695
-6.58647
-6.58561
-6.58533
-6.5856
-6.58516
-6.58374
-6.58526
-6.58396
-6.584
-6.58504
-6.5867
-6.58669
-6.58662
-6.58582
-6.58303
-6.58439
-6.58251
-6.58227
-6.58048
-6.58141
-6.58088
-6.58211
-6.58471
-6.58309
-6.58495
-6.58636
-6.58698
-6.58846
-6.58597
-6.58636
-6.58416
-6.58362
-6.58088
-6.58114
-6.5815
-6.58294
-6.58319
-6.58351
-6.58351
-6.58445
-6.5853
-6.58282
-6.58316
-6.58345
-6.58304
-6.58293
-6.58121
-6.58209
-6.58203
-6.58266
-6.58427
-6.58167
-6.58165
-6.58128
-6.58316
-6.58341
-6.5843
-6.58359
-6.58418
-6.58316
-6.58214
-6.58209
-6.58204
-6.58041
-6.58011
-6.58018
-6.58064
-6.58114
-6.58133
-6.58087
-6.58199
-6.58175
-6.58275
-6.58403
-6.58169
-6.58094
-6.58242
-6.58192
-6.58205
-6.58184
-6.58359
-6.58278
-6.583
-6.58169
-6.58142
-6.57992
-6.58073
-6.58121
-6.58168
-6.58211
-6.58153
-6.58222
-6.58227
-6.58071
-6.58048
-6.5819
-6.58137
-6.58277
-6.58379
-6.58444
-6.58472
-6.58369
-6.58134
-6.58156
-6.58079
-6.58194
-6.58113
-6.58321
-6.58169
-6.58046
-6.57857
-6.57798
-6.57871
-6.57821
-6.57782
-6.57692
-6.57518
-6.57681
-6.57755
-6.57864
-6.57967
-6.57996
-6.58143
-6.58149
-6.58179
-6.58174
-6.58136
-6.58032
-6.58056
-6.57978
-6.5793
-6.57654
-6.57837
-6.57868
-6.57945
-6.58098
-6.58262
-6.583
-6.58305
-6.58206
-6.58161
-6.58299
-6.58392
-6.58507
-6.5858
-6.58743
-6.5861
-6.58635
-6.58884
-6.58743
-6.58699
-6.58496
-6.58623
-6.58403
-6.58456
-6.58201
-6.58287
-6.5813
-6.58178
-6.58005
-6.5822
-6.58235
-6.58467
-6.58458
-6.58629
-6.58719
-6.58601
-6.58635
-6.58597
-6.58429
-6.58233
-6.58045
-6.57964
-6.57829
-6.57961
-6.57941
-6.57928
-6.57858
-6.57888
-6.57918
-6.58007
-6.58116
-6.58243
-6.58358
-6.58206
-6.58407
-6.58516
-6.58374
-6.58435
-6.58311
-6.58385
-6.58169
-6.5824
-6.58208
-6.58171
-6.58099
-6.58126
-6.5832
-6.5836
-6.58279
-6.58268
-6.58291
-6.58247
-6.58097
-6.5813
-6.58053
-6.58062
-6.58128
-6.58029
-6.58094
-6.58297
-6.58188
-6.58187
-6.581
-6.58021
-6.58011
-6.5823
-6.58319
-6.58311
-6.58336
-6.58295
-6.58512
-6.58464
-6.58344
-6.58438
-6.58358
-6.58526
-6.58393
-6.58644
-6.58603
-6.58466
-6.58432
-6.58373
-6.58389
-6.58515
-6.58363
-6.58419
-6.58324
-6.58301
-6.58471
-6.58376
-6.58465
-6.58118
-6.5821
-6.58062
-6.58099
-6.58034
-6.57842
-6.57948
-6.57904
-6.57904
-6.58014
-6.5794
-6.57873
-6.57972
-6.57976
-6.58073
-6.58197
-6.57955
-6.57832
-6.57763
-6.57878
-6.57887
-6.58052
-6.58214
-6.58117
-6.58379
-6.58453
-6.58372
-6.58492
-6.58229
-6.58229
-6.58327
-6.58196
-6.58289
-6.58285
-6.58443
-6.58476
-6.5845
-6.5827
-6.58227
-6.58287
-6.58383
-6.58446
-6.58246
-6.58332
-6.58443
-6.58514
-6.58677
-6.58739
-6.58737
-6.58669
-6.58537
-6.58659
-6.58548
-6.58622
-6.58493
-6.58617
-6.58773
-6.58804
-6.58615
-6.58565
-6.58493
-6.58333
-6.58181
-6.58067
-6.58086
-6.58173
-6.58132
-6.58091
-6.58081
-6.5807
-6.58186
-6.58201
-6.58179
-6.5828
-6.58342
-6.58268
-6.58382
-6.58363
-6.58344
-6.58395
-6.58356
-6.58359
-6.58178
-6.582
-6.58291
-6.58481
-6.58505
-6.58486
-6.58523
-6.58548
-6.58565
-6.58446
-6.58423
-6.58237
-6.58212
-6.58187
-6.58162
-6.58105
-6.57921
-6.57968
-6.57956
-6.57985
-6.58053
-6.58191
-6.58202
-6.58018
-6.57864
-6.57804
-6.57678
-6.57843
-6.57687
-6.57566
-6.57709
-6.57823
-6.57909
-6.57801
-6.57987
-6.58204
-6.58128
-6.58277
-6.58261
-6.58241
-6.58572
-6.58702
-6.58663
-6.58715
-6.58601
-6.58517
-6.58562
-6.58737
-6.58849
-6.58962
-6.5911
-6.59034
-6.58966
-6.58906
-6.58727
-6.58879
-6.58904
-6.58827
-6.58674
-6.58765
-6.58485
-6.58582
-6.58477
-6.58503
-6.58374
-6.58451
-6.58476
-6.58288
-6.58241
-6.58135
-6.58061
-6.58047
-6.58055
-6.5789
-6.5778
-6.57795
-6.57748
-6.5797
-6.58076
-6.58099
-6.58327
-6.58427
-6.58328
-6.5835
-6.58394
-6.5859
-6.58842
-6.58638
-6.5882
-6.58612
-6.58662
-6.5868
-6.58566
-6.58548
-6.58627
-6.5871
-6.58864
-6.58862
-6.58934
-6.58591
-6.58414
-6.5843
-6.58153
-6.58194
-6.58457
-6.58491
-6.58816
-6.58689
-6.5863
-6.58734
-6.58613
-6.5862
-6.58592
-6.58721
-6.58651
-6.58837
-6.58793
-6.58878
-6.58801
-6.58854
-6.5891
-6.58547
-6.58544
