-7.83801
-7.79754
-7.72002
-7.62901
-7.5253
-7.41237
-7.29314
-7.17964
-7.07624
-6.98967
-6.92595
-6.88716
-6.87205
-6.8802
-6.90499
-6.9399
-6.97906
-7.01836
-7.05223
-7.07959
-7.09839
-7.10931
-7.11169
-7.1062
-7.09531
-7.08341
-7.07045
-7.05962
-7.04904
-7.04598
-7.0482
-7.0611
-7.07871
-7.10535
-7.13746
-7.17465
-7.21127
-7.24563
-7.27787
-7.30592
-7.32349
-7.33272
-7.33686
-7.33132
-7.32251
-7.30716
-7.28991
-7.26859
-7.24762
-7.22837
-7.21021
-7.19505
-7.18193
-7.1746
-7.16837
-7.16192
-7.15981
-7.15798
-7.15825
-7.16263
-7.16649
-7.17631
-7.18599
-7.19668
-7.20747
-7.21819
-7.2276
-7.23277
-7.23782
-7.24124
-7.24196
-7.24212
-7.24003
-7.23397
-7.22904
-7.22482
-7.21999
-7.21388
-7.20866
-7.20368
-7.19825
-7.19478
-7.19317
-7.19286
-7.19359
-7.1958
-7.19803
-7.19983
-7.20121
-7.20218
-7.19905
-7.19208
-7.1827
-7.17097
-7.15799
-7.14715
-7.13533
-7.12466
-7.11907
-7.11707
-7.11034
-7.094
-7.06263
-7.0251
-6.9792
-6.92147
-6.86249
-6.80152
-6.74215
-6.68966
-6.64857
-6.61694
-6.60314
-6.60458
-6.62326
-6.65386
-6.69444
-6.74046
-6.78775
-6.83004
-6.87182
-6.9058
-6.93483
-6.95843
-6.97496
-6.98549
-6.98653
-6.98146
-6.9714
-6.95872
-6.9429
-6.92564
-6.91275
-6.90271
-6.89544
-6.89155
-6.89173
-6.89854
-6.90324
-6.90987
-6.91375
-6.91356
-6.90702
-6.90129
-6.8911
-6.88095
-6.8684
-6.85653
-6.84586
-6.83474
-6.82398
-6.8125
-6.80444
-6.79758
-6.79423
-6.79571
-6.80671
-6.822
-6.84255
-6.86505
-6.88281
-6.89804
-6.90907
-6.90943
-6.9034
-6.89081
-6.87776
-6.86486
-6.8543
-6.84643
-6.8417
-6.83985
-6.84237
-6.84873
-6.85535
-6.8636
-6.87669
-6.89229
-6.90883
-6.92269
-6.93898
-6.95343
-6.96549
-6.97023
-6.97185
-6.97249
-6.96985
-6.96152
-6.94869
-6.93189
-6.91198
-6.89308
-6.87442
-6.86039
-6.84827
-6.8426
-6.84444
-6.84711
-6.85436
-6.85891
-6.85793
-6.8476
-6.82843
-6.80476
-6.78123
-6.76097
-6.74976
-6.7461
-6.74856
-6.7585
-6.76861
-6.77906
-6.78199
-6.78022
-6.77067
-6.75729
-6.73667
-6.71523
-6.68878
-6.66706
-6.65056
-6.64107
-6.63946
-6.64698
-6.66404
-6.69028
-6.72074
-6.74971
-6.77877
-6.79932
-6.81238
-6.81656
-6.8098
-6.79289
-6.76935
-6.7382
-6.70811
-6.68452
-6.6642
-6.65256
-6.65216
-6.6591
-6.66899
-6.67827
-6.68799
-6.69336
-6.69589
-6.69795
-6.69784
-6.69659
-6.6968
-6.69484
-6.69673
-6.70008
-6.70931
-6.72121
-6.73406
-6.74794
-6.75937
-6.76855
-6.77755
-6.78209
-6.78684
-6.79124
-6.79775
-6.80651
-6.81713
-6.82889
-6.84092
-6.85142
-6.8602
-6.86627
-6.8684
-6.86621
-6.86348
-6.85687
-6.84714
-6.82995
-6.80893
-6.78722
-6.7607
-6.73639
-6.71532
-6.6997
-6.68996
-6.68674
-6.69256
-6.70242
-6.71355
-6.72074
-6.72656
-6.72746
-6.72591
-6.71906
-6.71292
-6.70604
-6.69946
-6.69575
-6.69567
-6.69888
-6.70329
-6.71252
-6.7228
-6.73088
-6.73416
-6.73297
-6.72662
-6.71204
-6.69574
-6.67733
-6.65226
-6.62955
-6.60803
-6.59296
-6.58088
-6.57278
-6.56598
-6.56097
-6.55631
-6.55004
-6.54777
-6.54643
-6.55327
-6.56722
-6.58765
-6.61658
-6.6445
-6.67651
-6.70835
-6.73869
-6.76756
-6.79204
-6.81131
-6.82225
-6.83107
-6.82946
-6.81903
-6.80307
-6.77902
-6.75405
-6.73048
-6.70653
-6.68125
-6.65907
-6.64011
-6.62608
-6.616
-6.61105
-6.61294
-6.61926
-6.62776
-6.64229
-6.65856
-6.6732
-6.68499
-6.69177
-6.68767
-6.67572
-6.65813
-6.63817
-6.62234
-6.61155
-6.60731
-6.6067
-6.61186
-6.61949
-6.62868
-6.63774
-6.65111
-6.66716
-6.68476
-6.702
-6.72362
-6.74621
-6.76694
-6.78402
-6.79445
-6.79819
-6.79635
-6.78641
-6.7719
-6.75152
-6.72782
-6.69741
-6.66495
-6.6369
-6.61456
-6.59979
-6.59863
-6.60388
-6.61229
-6.62455
-6.63535
-6.64339
-6.64302
-6.63758
-6.63073
-6.62384
-6.62
-6.62211
-6.62927
-6.64246
-6.6573
-6.6769
-6.69666
-6.71675
-6.73358
-6.74495
-6.75077
-6.75396
-6.75469
-6.75695
-6.76012
-6.76226
-6.76728
-6.76856
-6.76858
-6.76543
-6.75425
-6.74192
-6.72041
-6.70016
-6.67258
-6.64877
-6.62603
-6.60491
-6.58711
-6.57497
-6.56624
-6.55942
-6.55049
-6.53862
-6.52531
-6.51043
-6.49467
-6.47905
-6.46581
-6.45581
-6.4539
-6.45898
-6.46861
-6.48276
-6.50041
-6.52015
-6.54164
-6.56517
-6.59215
-6.61693
-6.64472
-6.67056
-6.69603
-6.71335
-6.72408
-6.73062
-6.7293
-6.72042
-6.70494
-6.6854
-6.66397
-6.64205
-6.6267
-6.62081
-6.6238
-6.63706
-6.65469
-6.67117
-6.68153
-6.68219
-6.67323
-6.65235
-6.62718
-6.59819
-6.57381
-6.55621
-6.5485
-6.55136
-6.56373
-6.5837
-6.60663
-6.6314
-6.65224
-6.6716
-6.68409
-6.69602
-6.70588
-6.71288
-6.71564
-6.71505
-6.70709
-6.69733
-6.67978
-6.66315
-6.64515
-6.6339
-6.62413
-6.61852
-6.61505
-6.61226
-6.61441
-6.62121
-6.63283
-6.64512
-6.66108
-6.67362
-6.68345
-6.6912
-6.69213
-6.68237
-6.66743
-6.64384
-6.61529
-6.58554
-6.55852
-6.53267
-6.51725
-6.51159
-6.51266
-6.51712
-6.52828
-6.54175
-6.55853
-6.57872
-6.6002
-6.6187
-6.63374
-6.64696
-6.65534
-6.66244
-6.66658
-6.67156
-6.67736
-6.68551
-6.69481
-6.70229
-6.70735
-6.70716
-6.70344
-6.69086
-6.67981
-6.66625
-6.65075
-6.64051
-6.6309
-6.62533
-6.62375
-6.62712
-6.63451
-6.64505
-6.65746
-6.66816
-6.67911
-6.68609
-6.6901
-6.69609
-6.69808
-6.70028
-6.69841
-6.69606
-6.68468
-6.67089
-6.65041
-6.62671
-6.60221
-6.57901
-6.56031
-6.55284
-6.55566
-6.5689
-6.59048
-6.6098
-6.62673
-6.64167
-6.64864
-6.64881
-6.6425
-6.62962
-6.60836
-6.58638
-6.5624
-6.54123
-6.52484
-6.51547
-6.51493
-6.52174
-6.53974
-6.5591
-6.58307
-6.60698
-6.63383
-6.65921
-6.68387
-6.70688
-6.72757
-6.74494
-6.75348
-6.75765
-6.75355
-6.74538
-6.73333
-6.72018
-6.70597
-6.69645
-6.69088
-6.68985
-6.69052
-6.69673
-6.70792
-6.71855
-6.73232
-6.74612
-6.75425
-6.76328
-6.76816
-6.7675
-6.76544
-6.75904
-6.74892
-6.7341
-6.71593
-6.69766
-6.67711
-6.65424
-6.63436
-6.619
-6.60689
-6.59675
-6.59014
-6.58609
-6.58258
-6.58165
-6.58216
-6.58578
-6.59278
-6.61205
-6.63704
-6.67092
-6.70905
-6.74085
-6.76975
-6.78711
-6.7982
-6.79975
-6.79576
-6.78177
-6.76505
-6.7425
-6.717
-6.68768
-6.65988
-6.63114
-6.6124
-6.59972
-6.59311
-6.59802
-6.60617
-6.62244
-6.64038
-6.6603
-6.6777
-6.69719
-6.7116
-6.71824
-6.71827
-6.70918
-6.69451
-6.67111
-6.64748
-6.63337
-6.62644
-6.62906
-6.63815
-6.65144
-6.66339
-6.67711
-6.69412
-6.71505
-6.73909
-6.76408
-6.78869
-6.8096
-6.82197
-6.82649
-6.82217
-6.80785
-6.78458
-6.75638
-6.72532
-6.68984
-6.6552
-6.62677
-6.60515
-6.59499
-6.5995
-6.61599
-6.64555
-6.68276
-6.72415
-6.76429
-6.79888
-6.82561
-6.83946
-6.84155
-6.83189
-6.80896
-6.77992
-6.7415
-6.69994
-6.66239
-6.63236
-6.61264
-6.60626
-6.61129
-6.62654
-6.64927
-6.6769
-6.70594
-6.73215
-6.75378
-6.76691
-6.77158
-6.76911
-6.76056
-6.74738
-6.73184
-6.71812
-6.70714
-6.70313
-6.70639
-6.71766
-6.73918
-6.76214
-6.78494
-6.80275
-6.81417
-6.8173
-6.81168
-6.79689
-6.77457
-6.75089
-6.72719
-6.71376
-6.70609
-6.7092
-6.72251
-6.74221
-6.76324
-6.782
-6.79643
-6.80327
-6.80226
-6.79187
-6.77701
-6.75895
-6.73936
-6.71937
-6.7009
-6.68667
-6.68043
-6.67914
-6.68567
-6.70025
-6.71273
-6.73189
-6.74592
-6.75957
-6.77009
-6.77427
-6.77284
-6.76741
-6.76042
-6.74941
-6.74191
-6.73962
-6.74347
-6.75375
-6.76473
-6.77091
-6.77461
-6.76972
-6.75397
-6.73367
-6.70998
-6.68814
-6.66919
-6.65535
-6.65036
-6.65612
-6.67161
-6.69465
-6.72754
-6.7643
-6.79929
-6.83106
-6.85418
-6.86779
-6.87424
-6.86729
-6.85391
-6.82807
-6.79188
-6.74699
-6.7032
-6.66167
-6.62791
-6.602
-6.5887
-6.58656
-6.59211
-6.60865
-6.63394
-6.66205
-6.69371
-6.72754
-6.75706
-6.78155
-6.79619
-6.80717
-6.80943
-6.80521
-6.79393
-6.77967
-6.76653
-6.75313
-6.74089
-6.73272
-6.72561
-6.71777
-6.70954
-6.69758
-6.68881
-6.67748
-6.67244
-6.67337
-6.68006
-6.69623
-6.72111
-6.74917
-6.77197
-6.79056
-6.79949
-6.80302
-6.80418
-6.80234
-6.80028
-6.79954
-6.80278
-6.80538
-6.80386
-6.80006
-6.78924
-6.76989
-6.75258
-6.72973
-6.70998
-6.69276
-6.67624
-6.66468
-6.65003
-6.64084
-6.63527
-6.63553
-6.64048
-6.65071
-6.66298
-6.67597
-6.6943
-6.7114
-6.72988
-6.74772
-6.76413
-6.77619
-6.77763
-6.77225
-6.75955
-6.73986
-6.71456
-6.6849
-6.65733
-6.62725
-6.60547
-6.59448
-6.5955
-6.6059
-6.62757
-6.65692
-6.69
-6.72577
-6.75706
-6.78581
-6.81086
-6.83047
-6.84025
-6.84363
-6.83933
-6.83268
-6.82635
-6.8193
-6.81127
-6.80157
-6.78934
-6.77635
-6.7648
-6.74703
-6.72586
-6.70232
-6.67899
-6.65415
-6.63385
-6.6226
-6.61362
-6.61194
-6.61949
-6.62751
-6.6403
-6.6519
-6.66525
-6.677
-6.6872
-6.69419
-6.70029
-6.70565
-6.70921
-6.70697
-6.70256
-6.69533
-6.68661
-6.67668
-6.66983
-6.66304
-6.66149
-6.66688
-6.67536
-6.68715
-6.69962
-6.71597
-6.7304
-6.73986
-6.74166
-6.74362
-6.74225
-6.73974
-6.73581
-6.73096
-6.73011
-6.73124
-6.73121
-6.73076
-6.73527
-6.73724
-6.74124
-6.74658
-6.7531
-6.75759
-6.76012
-6.76063
-6.75835
-6.74867
-6.73514
-6.71793
-6.70388
-6.68896
-6.67984
-6.67364
-6.67269
-6.67606
-6.68172
-6.69035
-6.69995
-6.71239
-6.7209
-6.72956
-6.73486
-6.73659
-6.73541
-6.73101
-6.72947
-6.72952
-6.73129
-6.74208
-6.758
-6.77641
-6.79408
-6.81357
-6.82882
-6.83458
-6.83482
-6.82413
-6.80361
-6.77745
-6.74678
-6.71422
-6.68307
-6.65627
-6.63557
-6.62167
-6.61174
-6.60369
-6.59719
-6.59266
-6.59073
