-6.6481
-6.64187
-6.62099
-6.60652
-6.59602
-6.58832
-6.58033
-6.57696
-6.575
-6.57401
-6.57443
-6.5753
-6.57538
-6.57699
-6.57837
-6.57882
-6.57839
-6.57814
-6.57658
-6.57546
-6.57425
-6.57403
-6.57358
-6.57231
-6.57093
-6.5717
-6.57237
-6.57391
-6.5724
-6.57332
-6.57305
-6.57608
-6.57618
-6.57814
-6.57961
-6.58216
-6.5825
-6.58161
-6.58211
-6.58404
-6.58262
-6.58084
-6.582
-6.58098
-6.58302
-6.58328
-6.58469
-6.58335
-6.58215
-6.58135
-6.57963
-6.57858
-6.57719
-6.57935
-6.58052
-6.57943
-6.58062
-6.57987
-6.57883
-6.5794
-6.57704
-6.57852
-6.57831
-6.57834
-6.5786
-6.57976
-6.5812
-6.58035
-6.58144
-6.58287
-6.58335
-6.58483
-6.58536
-6.583
-6.5826
-6.58353
-6.58416
-6.58352
-6.58356
-6.58331
-6.58178
-6.58124
-6.58137
-6.5815
-6.58131
-6.58141
-6.5808
-6.57978
-6.5793
-6.58035
-6.58005
-6.57908
-6.5788
-6.5786
-6.57854
-6.58057
-6.58014
-6.57819
-6.5779
-6.5776
-5.91445
-5.91391
-5.90989
-5.91022
-5.91105
-5.90693
-5.90599
-5.90469
-5.90342
-5.90383
-5.90656
-5.90606
-5.90801
-5.90868
-5.9108
-5.9116
-5.91296
-5.91456
-5.91612
-5.91451
-5.91631
-5.91543
-5.91546
-5.91642
-5.91703
-5.91859
-5.91759
-5.91699
-5.91684
-5.91787
-5.91749
-5.91536
-5.91561
-5.91591
-5.91591
-5.91594
-5.91633
-5.91958
-5.91811
-5.91831
-5.91798
-5.91727
-5.914
-5.91471
-5.91323
-5.91342
-5.91235
-5.91263
-5.91427
-5.915
-5.91511
-5.9133
-5.91347
-5.91276
-5.91222
-5.9115
-5.91409
-5.91467
-5.91566
-5.91664
-5.91437
-5.91411
-5.91629
-5.91524
-5.91463
-5.91262
-5.91282
-5.91326
-5.91417
-5.91481
-5.91544
-5.91604
-5.91826
-5.92147
-5.9218
-5.9205
-5.92108
-5.92192
-5.92232
-5.91971
-5.92023
-5.92065
-5.92131
-5.91804
-5.91538
-5.91564
-5.91653
-5.9158
-5.91473
-5.91371
-5.91282
-5.91442
-5.9153
-5.91738
-5.91603
-5.91503
-5.91584
-5.91353
-5.9142
-5.91303
-5.65821
-5.65853
-5.65851
-5.65862
-5.65887
-5.65817
-5.65959
-5.66069
-5.66068
-5.66272
-5.66217
-5.66256
-5.65942
-5.65804
-5.65633
-5.65767
-5.65694
-5.65838
-5.65553
-5.65581
-5.65732
-5.65939
-5.66067
-5.66105
-5.66101
-5.66199
-5.66226
-5.66018
-5.6613
-5.66021
-5.66024
-5.66118
-5.66117
-5.66032
-5.66035
-5.65748
-5.65664
-5.65911
-5.658
-5.65666
-5.65777
-5.65957
-5.66073
-5.66066
-5.66241
-5.66187
-5.66041
-5.65996
-5.65855
-5.65715
-5.65806
-5.65684
-5.65804
-5.65776
-5.65945
-5.66009
-5.65926
-5.65889
-5.65738
-5.65613
-5.65749
-5.65667
-5.65727
-5.65735
-5.65819
-5.65908
-5.65959
-5.65996
-5.66083
-5.66162
-5.6627
-5.66315
-5.66164
-5.65814
-5.65714
-5.65635
-5.65744
-5.65629
-5.6559
-5.65795
-5.65634
-5.65591
-5.65567
-5.65593
-5.65566
-5.65475
-5.6563
-5.65726
-5.65789
-5.65599
-5.65623
-5.65581
-5.65677
-5.65526
-5.65612
-5.65677
-5.65722
-5.65876
-5.66077
-5.6616
-5.49671
-5.49777
-5.49965
-5.50072
-5.5
-5.4992
-5.49834
-5.49458
-5.49411
-5.49571
-5.49329
-5.49369
-5.49337
-5.49546
-5.49562
-5.49561
-5.49474
-5.49536
-5.49665
-5.49581
-5.49678
-5.49467
-5.49528
-5.49659
-5.49786
-5.50192
-5.50092
-5.50199
-5.5026
-5.50247
-5.50257
-5.50121
-5.49934
-5.49569
-5.49778
-5.49763
-5.49628
-5.49573
-5.4918
-5.48995
-5.49116
-5.49246
-5.49192
-5.4928
-5.49384
-5.49533
-5.49526
-5.49453
-5.49534
-5.49607
-5.49514
-5.49675
-5.49755
-5.49644
-5.4956
-5.4964
-5.49516
-5.49473
-5.49466
-5.49407
-5.49516
-5.4958
-5.49644
-5.49498
-5.49528
-5.49577
-5.49652
-5.496
-5.49815
-5.50068
-5.50194
-5.49995
-5.5001
-5.50041
-5.50014
-5.49996
-5.49898
-5.49826
-5.4989
-5.49767
-5.49746
-5.49662
-5.49745
-5.49553
-5.49326
-5.49366
-5.49409
-5.49343
-5.49665
-5.49769
-5.49614
-5.49618
-5.49589
-5.49671
-5.49424
-5.49156
-5.49071
-5.49048
-5.49116
-5.49333
-5.42352
-5.42593
-5.42566
-5.42715
-5.42778
-5.42983
-5.43143
-5.43136
-5.42968
-5.42875
-5.42763
-5.42891
-5.43063
-5.43011
-5.43146
-5.42937
-5.42838
-5.42851
-5.42601
-5.42778
-5.42482
-5.4262
-5.42191
-5.42163
-5.42147
-5.42077
-5.42016
-5.4215
-5.42305
-5.42474
-5.42459
-5.42366
-5.42433
-5.42608
-5.42803
-5.42893
-5.42873
-5.4267
-5.42696
-5.42849
-5.4293
-5.43004
-5.43039
-5.4297
-5.42828
-5.42714
-5.42821
-5.42631
-5.42725
-5.42709
-5.42901
-5.42717
-5.42487
-5.42544
-5.42538
-5.42471
-5.4238
-5.42403
-5.42523
-5.42493
-5.4257
-5.42674
-5.42614
-5.42684
-5.42706
-5.42642
-5.425
-5.42299
-5.42222
-5.41971
-5.42018
-5.41955
-5.42104
-5.42226
-5.42335
-5.42408
-5.4246
-5.42576
-5.42626
-5.42812
-5.42785
-5.42914
-5.42688
-5.42694
-5.42736
-5.4274
-5.42638
-5.42623
-5.42376
-5.42459
-5.42168
-5.4219
-5.42073
-5.42426
-5.42592
-5.42793
-5.4283
-5.42574
-5.42449
-5.42421
-5.42262
-5.42181
-5.42375
-5.42295
-5.42168
-5.42216
-5.4215
-5.41746
-5.41661
-5.41523
-5.41509
-5.41664
-5.4196
-5.41837
-5.41956
-5.42198
-5.4239
-5.42373
-5.42577
-5.42587
-5.42526
-5.42513
-5.42542
-5.42418
-5.42282
-5.42371
-5.42341
-5.42422
-5.42292
-5.42204
-5.42087
-5.42094
-5.42187
-5.42202
-5.42231
-5.42151
-5.42228
-5.41924
-5.42155
-5.42311
-5.4223
-5.42452
-5.42422
-5.42428
-5.42437
-5.42514
-5.42555
-5.4255
-5.42555
-5.42442
-5.42576
-5.42584
-5.42504
-5.42726
-5.4259
-5.42574
-5.42381
-5.42528
-5.4228
-5.42326
-5.42186
-5.42092
-5.42117
-5.42208
-5.4228
-5.42555
-5.42646
-5.42671
-5.42869
-5.42698
-5.42529
-5.42636
-5.4254
-5.42437
-5.42398
-5.42397
-5.42153
-5.42226
-5.42201
-5.42239
-5.42239
-5.42221
-5.42271
-5.42251
-5.42638
-5.42617
-5.42706
-5.42618
-5.4278
-5.4281
-5.42804
-5.42725
-5.42629
-5.42609
-5.42314
-5.42304
-5.42176
-5.42196
-5.42173
-5.42197
-5.51774
-5.51802
-5.51931
-5.52164
-5.52144
-5.52222
-5.52386
-5.52211
-5.52244
-5.52356
-5.52133
-5.52325
-5.52452
-5.52356
-5.52424
-5.5236
-5.52259
-5.5206
-5.51895
-5.52032
-5.5212
-5.5197
-5.51932
-5.52032
-5.52099
-5.52032
-5.52054
-5.52136
-5.52118
-5.522
-5.52225
-5.52263
-5.52162
-5.52543
-5.52542
-5.52575
-5.52644
-5.52302
-5.52348
-5.52127
-5.52172
-5.52065
-5.52098
-5.51748
-5.51693
-5.5158
-5.51608
-5.51528
-5.51636
-5.51415
-5.51703
-5.51909
-5.51926
-5.52294
-5.52262
-5.52471
-5.52466
-5.52474
-5.52237
-5.52401
-5.52448
-5.52313
-5.52293
-5.52238
-5.52429
-5.52243
-5.52018
-5.52165
-5.52101
-5.52082
-5.52092
-5.52236
-5.52147
-5.5213
-5.52224
-5.52387
-5.52543
-5.52614
-5.52719
-5.52828
-5.52721
-5.52635
-5.52547
-5.52332
-5.52031
-5.51909
-5.51972
-5.51805
-5.51635
-5.51693
-5.5169
-5.51749
-5.51952
-5.51986
-5.52123
-5.52155
-5.52173
-5.52109
-5.52003
-5.52022
-5.62706
-5.62716
-5.62758
-5.6262
-5.6283
-5.62753
-5.62621
-5.62698
-5.62882
-5.63066
-5.63326
-5.63448
-5.63479
-5.63445
-5.63439
-5.63464
-5.63425
-5.63428
-5.63285
-5.63106
-5.63
-5.62945
-5.6288
-5.62778
-5.6277
-5.6266
-5.62634
-5.62582
-5.62586
-5.63021
-5.63264
-5.63475
-5.63493
-5.63455
-5.63369
-5.63282
-5.63109
-5.62833
-5.62756
-5.62595
-5.6293
-5.62937
-5.62946
-5.62996
-5.63038
-5.63002
-5.6296
-5.63024
-5.63045
-5.63036
-5.62779
-5.62635
-5.62572
-5.62589
-5.62627
-5.62656
-5.62709
-5.62942
-5.62921
-5.62955
-5.63226
-5.62954
-5.63246
-5.631
-5.63136
-5.63194
-5.6305
-5.62837
-5.62726
-5.62858
-5.6276
-5.6286
-5.62988
-5.63055
-5.63192
-5.63189
-5.62948
-5.63068
-5.63116
-5.62852
-5.6274
-5.62626
-5.62708
-5.62757
-5.62703
-5.62698
-5.62799
-5.62865
-5.62755
-5.62908
-5.63055
-5.63033
-5.63074
-5.62929
-5.62705
-5.62762
-5.62555
-5.62803
-5.62838
-5.62672
-5.58637
-5.58577
-5.58496
-5.58545
-5.58454
-5.58561
-5.58728
-5.58689
-5.58898
-5.59254
-5.59331
-5.59417
-5.59636
-5.59632
-5.59604
-5.5927
-5.59352
-5.59342
-5.59378
-5.59239
-5.59121
-5.59219
-5.59204
-5.59097
-5.59181
-5.59222
-5.59155
-5.59112
-5.5881
-5.58905
-5.58694
-5.58834
-5.59004
-5.58931
-5.58918
-5.59066
-5.59232
-5.59059
-5.59051
-5.58845
-5.58815
-5.59041
-5.59167
-5.59187
-5.59085
-5.59135
-5.5906
-5.58824
-5.58891
-5.58894
-5.58591
-5.58802
-5.58516
-5.58433
-5.58448
-5.58396
-5.58704
-5.58503
-5.5854
-5.58522
-5.58603
-5.5868
-5.58877
-5.58968
-5.58893
-5.5914
-5.59062
-5.58973
-5.58829
-5.58817
-5.58941
-5.58791
-5.58807
-5.58838
-5.58755
-5.58554
-5.58267
-5.58389
-5.58189
-5.58356
-5.58722
-5.59108
-5.59166
-5.5923
-5.59258
-5.59218
-5.59342
-5.59184
-5.59139
-5.59242
-5.59433
-5.59331
-5.59267
-5.59022
-5.58959
-5.59142
-5.59305
-5.59341
-5.59207
-5.58903
-5.58699
-5.58899
-5.5877
-5.58611
-5.58491
-5.5855
-5.58406
-5.58417
-5.58804
-5.58745
-5.58715
-5.58995
-5.58869
-5.5895
-5.58822
-5.58909
-5.58959
-5.59008
-5.58896
-5.58847
-5.58894
-5.58966
-5.5874
-5.58639
-5.58607
-5.58687
-5.58724
-5.58913
-5.58761
-5.58678
-5.58822
-5.58831
-5.58797
-5.58586
-5.58709
-5.5881
-5.58768
-5.584
-5.58461
-5.58501
-5.58617
-5.58678
-5.5865
-5.58951
-5.59324
-5.59406
-5.59263
-5.59441
-5.59226
-5.59105
-5.59046
-5.59077
-5.58967
-5.58844
-5.58838
-5.58985
-5.58873
-5.58805
-5.5863
-5.58801
-5.58699
-5.58836
-5.58847
-5.58954
-5.59089
-5.5909
-5.59084
-5.58968
-5.59064
-5.58853
-5.58888
-5.58917
-5.58948
-5.58988
-5.58882
-5.59057
-5.59157
-5.58984
-5.5914
-5.59254
-5.59217
-5.58957
-5.59024
-5.59096
-5.5889
-5.58963
-5.58841
-5.58599
-5.58507
-5.58442
-5.58375
-5.58336
-5.58381
-5.58533
-5.58814
-5.58988
-5.58956
-5.58815
-5.587
-5.58686
