0.793271
0.770445
0.732688
0.681657
0.619519
0.549364
0.475208
0.401784
0.33416
0.277106
0.234349
0.207901
0.197782
0.202139
0.217749
0.240718
0.267118
0.293482
0.317096
0.336085
0.349423
0.356856
0.358745
0.355925
0.349591
0.341138
0.332052
0.323805
0.31776
0.315109
0.316769
0.323349
0.335017
0.351471
0.371895
0.394992
0.419177
0.44268
0.46384
0.48125
0.493911
0.501256
0.50324
0.500229
0.492994
0.482585
0.470148
0.456828
0.44365
0.431347
0.420387
0.410982
0.403159
0.396833
0.3919
0.388327
0.386129
0.385406
0.386283
0.388823
0.39297
0.398528
0.405119
0.412228
0.419248
0.425622
0.430934
0.43495
0.437589
0.438917
0.439073
0.438192
0.436445
0.433981
0.430959
0.427526
0.423889
0.420237
0.416732
0.413583
0.410977
0.409026
0.407868
0.407572
0.408184
0.409589
0.41149
0.41337
0.414607
0.41455
0.412668
0.408665
0.402604
0.394912
0.386299
0.377722
0.37013
0.364314
0.360779
0.359647
0.797261
0.786722
0.768489
0.74325
0.712096
0.676359
0.637671
0.597888
0.559154
0.523885
0.494671
0.473921
0.463417
0.463932
0.474977
0.494835
0.520983
0.550601
0.581086
0.610351
0.637008
0.660248
0.67958
0.694676
0.705291
0.711266
0.712624
0.709649
0.70304
0.6939
0.683608
0.67352
0.664761
0.65787
0.653024
0.650406
0.650272
0.65264
0.65676
0.661043
0.663843
0.664197
0.66201
0.657724
0.651914
0.645022
0.637369
0.629263
0.621059
0.613162
0.605911
0.59947
0.593981
0.589878
0.588012
0.589476
0.595077
0.604889
0.617923
0.632271
0.645627
0.655952
0.661853
0.662797
0.659179
0.65213
0.643295
0.634399
0.626757
0.621084
0.617506
0.615876
0.616075
0.618174
0.622364
0.628735
0.637071
0.646915
0.657676
0.668652
0.679167
0.688525
0.696115
0.701466
0.70431
0.704569
0.702212
0.697151
0.689304
0.678784
0.666107
0.652442
0.639411
0.628674
0.621487
0.618384
0.619061
0.622385
0.626774
0.630587
0.799808
0.792714
0.779946
0.764095
0.748243
0.735197
0.726781
0.723605
0.72525
0.73052
0.737629
0.744331
0.748381
0.748118
0.742895
0.73308
0.71982
0.704564
0.688837
0.674168
0.662162
0.654453
0.652526
0.657286
0.668687
0.68553
0.705648
0.726349
0.744982
0.759406
0.768098
0.770259
0.765753
0.755045
0.739333
0.72048
0.70098
0.683602
0.670794
0.663936
0.662928
0.666356
0.672177
0.678406
0.683722
0.687658
0.690317
0.691996
0.692863
0.692963
0.692492
0.692001
0.692457
0.694885
0.699905
0.707409
0.71653
0.726031
0.734659
0.74161
0.746705
0.750281
0.753051
0.755925
0.759703
0.764955
0.771693
0.779284
0.786726
0.7932
0.798335
0.802085
0.804502
0.80538
0.804227
0.800353
0.793136
0.782439
0.768687
0.752843
0.736244
0.72032
0.706434
0.695843
0.689531
0.687991
0.690843
0.696773
0.703773
0.709832
0.713553
0.714431
0.712756
0.709204
0.704533
0.69951
0.694827
0.691324
0.68993
0.691524
0.804384
0.809831
0.815431
0.820113
0.822769
0.822516
0.818852
0.811644
0.801086
0.787745
0.772651
0.757236
0.743111
0.731667
0.72351
0.718113
0.714159
0.710411
0.706442
0.702819
0.700661
0.70117
0.705324
0.713749
0.726526
0.743106
0.762388
0.783014
0.803836
0.824145
0.843327
0.860551
0.874648
0.884372
0.888858
0.887889
0.881835
0.871556
0.858148
0.842728
0.826217
0.809382
0.792889
0.77751
0.764179
0.753835
0.747159
0.744348
0.74507
0.74879
0.755077
0.763689
0.774004
0.784507
0.79293
0.796914
0.795008
0.787328
0.775646
0.762729
0.751455
0.743833
0.740579
0.741144
0.744388
0.749149
0.754776
0.761158
0.768639
0.777654
0.788547
0.80137
0.815676
0.830533
0.844536
0.856039
0.863649
0.866619
0.864968
0.85916
0.849625
0.836601
0.820251
0.801253
0.781122
0.762157
0.746976
0.73757
0.734657
0.737461
0.7441
0.75225
0.759635
0.764458
0.765853
0.764018
0.760013
0.755574
0.752559
0.752525
0.803837
0.811023
0.821098
0.833165
0.845915
0.857946
0.868098
0.875727
0.880726
0.883471
0.884707
0.885358
0.886326
0.888099
0.890548
0.892794
0.893471
0.891277
0.885489
0.876095
0.863729
0.849303
0.833782
0.818096
0.803041
0.789423
0.777964
0.768979
0.76213
0.756453
0.750596
0.743309
0.733987
0.722902
0.711093
0.70008
0.691386
0.686074
0.684628
0.686994
0.692871
0.701811
0.713344
0.72697
0.742235
0.758688
0.77596
0.793743
0.811641
0.828981
0.844682
0.857453
0.86614
0.870121
0.86928
0.86381
0.854092
0.840911
0.825829
0.811417
0.800667
0.796045
0.798442
0.806812
0.818423
0.829837
0.83769
0.839468
0.834011
0.821761
0.804665
0.785765
0.768517
0.755965
0.750105
0.75152
0.759418
0.77196
0.786912
0.802191
0.81626
0.828306
0.838139
0.846052
0.852348
0.856985
0.859506
0.859215
0.855551
0.848495
0.838734
0.827498
0.816279
0.806425
0.798801
0.793724
0.791166
0.791014
0.793276
0.798002
0.806813
0.815542
0.824886
0.83378
0.841182
0.846024
0.847086
0.84327
0.833879
0.819075
0.800135
0.779262
0.759282
0.742871
0.731795
0.726405
0.725841
0.728931
0.735001
0.743921
0.75551
0.769058
0.783187
0.796346
0.807285
0.8155
0.82129
0.825479
0.829107
0.833017
0.837663
0.843047
0.848622
0.853518
0.856693
0.857102
0.854105
0.847749
0.838842
0.828757
0.818973
0.81066
0.804452
0.800698
0.799583
0.801322
0.805973
0.813032
0.821272
0.829159
0.835566
0.840168
0.843375
0.845888
0.848121
0.849694
0.849735
0.847185
0.841251
0.831756
0.819037
0.803859
0.787357
0.771288
0.758336
0.751526
0.752806
0.761461
0.774525
0.788546
0.800955
0.810209
0.815495
0.816291
0.812347
0.803767
0.791221
0.776083
0.760261
0.745892
0.734962
0.728841
0.728144
0.732818
0.742239
0.755289
0.770674
0.787196
0.804016
0.82074
0.837218
0.853086
0.867522
0.879232
0.886895
0.889738
0.887862
0.882281
0.874401
0.865475
0.792151
0.785626
0.781046
0.77881
0.779386
0.783012
0.789373
0.797624
0.806584
0.815036
0.821947
0.826687
0.829094
0.829297
0.827471
0.82363
0.817551
0.809005
0.797988
0.784893
0.770604
0.75636
0.743362
0.732453
0.723933
0.717616
0.713062
0.709816
0.7076
0.706432
0.706607
0.708768
0.714106
0.724413
0.741079
0.763444
0.788403
0.811884
0.830843
0.843894
0.850988
0.852733
0.849854
0.842861
0.83208
0.817804
0.800613
0.781598
0.762343
0.744659
0.730249
0.720421
0.715902
0.716722
0.722365
0.731817
0.743808
0.757037
0.770219
0.782118
0.791411
0.79674
0.796896
0.791205
0.780145
0.76579
0.751535
0.741149
0.736951
0.738827
0.744819
0.752716
0.761284
0.770536
0.781257
0.794117
0.809106
0.825297
0.840998
0.85421
0.863168
0.866755
0.864472
0.856355
0.842846
0.824861
0.803738
0.781193
0.759231
0.739892
0.725505
0.718338
0.719984
0.730752
0.749549
0.774138
0.801616
0.828795
0.852565
0.870259
0.808263
0.809594
0.802872
0.788512
0.767746
0.742644
0.715821
0.690271
0.669023
0.654649
0.648667
0.651209
0.661164
0.676552
0.695011
0.714205
0.731931
0.746334
0.756043
0.760349
0.759404
0.754073
0.745718
0.736042
0.726948
0.720359
0.717858
0.720375
0.727871
0.739315
0.753
0.766795
0.778551
0.786415
0.78907
0.785907
0.777199
0.764157
0.748885
0.734161
0.722976
0.717814
0.719831
0.728363
0.74122
0.75548
0.768264
0.777462
0.781881
0.78127
0.776052
0.767105
0.755488
0.742312
0.728732
0.716227
0.70639
0.700678
0.699954
0.704082
0.711994
0.722126
0.732959
0.743281
0.75214
0.758763
0.762516
0.762979
0.7601
0.754561
0.747867
0.742205
0.739825
0.741952
0.747885
0.755229
0.760958
0.762622
0.75904
0.750303
0.737517
0.72248
0.707376
0.694414
0.685546
0.682252
0.685425
0.695308
0.7114
0.732307
0.755832
0.779307
0.800217
0.816594
0.827161
0.831076
0.827827
0.817255
0.799799
0.776769
0.773747
0.744951
0.717811
0.69497
0.678311
0.668727
0.666185
0.67014
0.679784
0.694266
0.71249
0.733025
0.754115
0.773824
0.790337
0.802324
0.809095
0.81067
0.807617
0.80103
0.792306
0.78289
0.774061
0.76661
0.760607
0.755591
0.75081
0.74561
0.739655
0.733179
0.727027
0.722728
0.72222
0.727165
0.738036
0.753633
0.771236
0.787588
0.80003
0.80736
0.809913
0.809181
0.807117
0.80561
0.805793
0.807619
0.809849
0.810414
0.807433
0.800201
0.789317
0.776376
0.763047
0.750432
0.73885
0.728184
0.718425
0.710001
0.703629
0.700038
0.699663
0.702455
0.707955
0.715533
0.724699
0.735263
0.747187
0.7601
0.772949
0.78397
0.791189
0.793147
0.789456
0.78078
0.768205
0.752674
0.734823
0.715632
0.696905
0.681271
0.671505
0.669613
0.676166
0.690179
0.709559
0.731878
0.7549
0.776814
0.796284
0.812294
0.824089
0.831292
0.833971
0.832736
0.828727
0.823286
0.8175
0.811906
0.806331
0.800211
0.792909
0.783874
0.772886
0.759834
0.74494
0.728995
0.713393
0.699786
0.689706
0.684114
0.683196
0.686356
0.692552
0.700531
0.709125
0.717436
0.724938
0.73141
0.736826
0.741212
0.744475
0.746361
0.746378
0.744114
0.739502
0.73316
0.726297
0.720462
0.716956
0.716468
0.719108
0.724699
0.732785
0.742504
0.752588
0.761536
0.768121
0.771777
0.772677
0.771495
0.769045
0.766017
0.762978
0.760398
0.758671
0.758099
0.758752
0.760574
0.763323
0.766791
0.770747
0.774885
0.778613
0.781117
0.781499
0.779001
0.773295
0.76473
0.754426
0.743918
0.734646
0.727655
0.723449
0.722101
0.723447
0.727213
0.733008
0.740179
0.747833
0.754917
0.760456
0.763792
0.764743
0.763685
0.761455
0.759268
0.758634
0.760969
0.767119
0.776969
0.789493
0.80301
0.815554
0.825239
0.830456
0.830126
0.823814
0.81175
0.79492
0.774907
0.753643
0.733136
0.714973
0.700157
0.689018
0.681241
0.676087
0.672694
0.670442
0.669247
