-7.83801
-7.79754
-7.72002
-7.62901
-7.5253
-7.41237
-7.29314
-7.17964
-7.07624
-6.98967
-6.92595
-6.88716
-6.87205
-6.8802
-6.90499
-6.9399
-6.97906
-7.01836
-7.05223
-7.07959
-7.09839
-7.10931
-7.11169
-7.1062
-7.09531
-7.08341
-7.07045
-7.05962
-7.04904
-7.04598
-7.0482
-7.0611
-7.07871
-7.10535
-7.13746
-7.17465
-7.21127
-7.24563
-7.27787
-7.30592
-7.32349
-7.33272
-7.33686
-7.33132
-7.32251
-7.30716
-7.28991
-7.26859
-7.24762
-7.22837
-7.21021
-7.19505
-7.18193
-7.1746
-7.16837
-7.16192
-7.15981
-7.15798
-7.15825
-7.16263
-7.16649
-7.17631
-7.18599
-7.19668
-7.20747
-7.21819
-7.2276
-7.23277
-7.23782
-7.24124
-7.24196
-7.24212
-7.24003
-7.23397
-7.22904
-7.22482
-7.21999
-7.21388
-7.20866
-7.20368
-7.19825
-7.19478
-7.19317
-7.19286
-7.19359
-7.1958
-7.19803
-7.19983
-7.20121
-7.20218
-7.19905
-7.19208
-7.1827
-7.17097
-7.15799
-7.14715
-7.13533
-7.12466
-7.11907
-7.11707
-7.11802
-7.12186
-7.12957
-7.13333
-7.14087
-7.14677
-7.14902
-7.14905
-7.14713
-7.14067
-7.13625
-7.13049
-7.1248
-7.12162
-7.1229
-7.12861
-7.1391
-7.15605
-7.17767
-7.20332
-7.22793
-7.25213
-7.27474
-7.29341
-7.30747
-7.31555
-7.3221
-7.32001
-7.3103
-7.2981
-7.28278
-7.26583
-7.24701
-7.23099
-7.21336
-7.19927
-7.19253
-7.18902
-7.18865
-7.18896
-7.19487
-7.20223
-7.20508
-7.20504
-7.20256
-7.19812
-7.19324
-7.18693
-7.18082
-7.17268
-7.16361
-7.15544
-7.14813
-7.14097
-7.13905
-7.13736
-7.14178
-7.14609
-7.15415
-7.16481
-7.1764
-7.18966
-7.19868
-7.20849
-7.21136
-7.21127
-7.2062
-7.20013
-7.19142
-7.18125
-7.173
-7.16286
-7.15912
-7.15739
-7.15514
-7.15487
-7.15881
-7.16377
-7.17421
-7.18612
-7.20069
-7.21725
-7.23545
-7.24909
-7.25686
-7.26577
-7.2719
-7.27317
-7.2698
-7.26358
-7.25499
-7.24421
-7.23065
-7.21873
-7.20676
-7.19787
-7.18935
-7.18691
-7.18535
-7.18784
-7.19168
-7.19717
-7.20302
-7.20778
-7.21277
-7.2186
-7.22057
-7.21872
-7.21811
-7.21705
-7.21593
-7.21408
-7.21036
-7.20511
-7.20144
-7.19443
-7.18924
-7.18501
-7.17647
-7.17199
-7.16924
-7.16678
-7.16414
-7.16046
-7.15937
-7.15839
-7.15925
-7.16107
-7.16133
-7.16454
-7.17175
-7.17995
-7.1869
-7.19147
-7.1971
-7.19897
-7.19866
-7.19654
-7.19044
-7.18492
-7.17819
-7.17123
-7.16683
-7.16361
-7.16031
-7.15551
-7.15269
-7.14961
-7.1509
-7.14997
-7.14956
-7.15103
-7.15427
-7.15933
-7.16366
-7.16635
-7.1721
-7.17773
-7.18411
-7.18947
-7.19651
-7.20361
-7.21391
-7.22345
-7.23253
-7.24362
-7.25297
-7.26252
-7.27334
-7.28123
-7.29145
-7.29438
-7.2978
-7.29351
-7.28649
-7.27926
-7.26864
-7.25731
-7.24332
-7.23059
-7.21631
-7.20224
-7.18696
-7.17498
-7.16152
-7.15346
-7.14694
-7.14562
-7.14856
-7.15367
-7.16128
-7.16867
-7.17527
-7.17896
-7.17964
-7.17784
-7.17154
-7.16401
-7.15746
-7.14992
-7.14419
-7.14079
-7.14606
-7.15521
-7.16956
-7.18726
-7.20897
-7.2268
-7.24387
-7.25581
-7.2647
-7.2692
-7.26862
-7.26173
-7.25113
-7.23683
-7.21466
-7.19277
-7.17145
-7.14959
-7.13506
-7.12284
-7.11424
-7.11178
-7.1173
-7.12543
-7.13755
-7.15437
-7.16983
-7.18544
-7.19796
-7.21261
-7.22246
-7.22838
-7.23223
-7.23139
-7.23036
-7.22343
-7.21918
-7.21187
-7.20603
-7.20274
-7.20096
-7.19919
-7.19869
-7.20161
-7.20266
-7.20493
-7.20823
-7.21365
-7.21666
-7.22039
-7.22408
-7.22363
-7.22456
-7.22092
-7.21767
-7.21532
-7.20892
-7.20045
-7.19184
-7.18173
-7.17085
-7.16244
-7.15223
-7.14212
-7.13256
-7.12814
-7.12478
-7.12737
-7.1357
-7.14531
-7.15659
-7.16919
-7.1828
-7.19431
-7.20948
-7.219
-7.22689
-7.23377
-7.23427
-7.23315
-7.22826
-7.22278
-7.21527
-7.20553
-7.19735
-7.18958
-7.18171
-7.17922
-7.17717
-7.18084
-7.18676
-7.19164
-7.19816
-7.20549
-7.21146
-7.21624
-7.21947
-7.21912
-7.21953
-7.21858
-7.21636
-7.21376
-7.21224
-7.2094
-7.20658
-7.20502
-7.20271
-7.19895
-7.19131
-7.18229
-7.17554
-7.16732
-7.15981
-7.15462
-7.15746
-7.16454
-7.17857
-7.19587
-7.21262
-7.22753
-7.24296
-7.25267
-7.26193
-7.26513
-7.26659
-7.26274
-7.25397
-7.24458
-7.23273
-7.21981
-7.20622
-7.19019
-7.1749
-7.16074
-7.14667
-7.13337
-7.12416
-7.1226
-7.12416
-7.13282
-7.14285
-7.15783
-7.17276
-7.18986
-7.20373
-7.21423
-7.22091
-7.22371
-7.22161
-7.21311
-7.20517
-7.19757
-7.19111
-7.18838
-7.18638
-7.18575
-7.18938
-7.19262
-7.20007
-7.20868
-7.2126
-7.21765
-7.21952
-7.21612
-7.20482
-7.19151
-7.17792
-7.16195
-7.14846
-7.1389
-7.13351
-7.13439
-7.14044
-7.15063
-7.16265
-7.17432
-7.18904
-7.20115
-7.21518
-7.22486
-7.23234
-7.23847
-7.24182
-7.24284
-7.24083
-7.24088
-7.24026
-7.23862
-7.2359
-7.23481
-7.23434
-7.23375
-7.2357
-7.23436
-7.23269
-7.23143
-7.22825
-7.22134
-7.21664
-7.21114
-7.20613
-7.20261
-7.19946
-7.19553
-7.19218
-7.19057
-7.19205
-7.19282
-7.19525
-7.19759
-7.19631
-7.19497
-7.19088
-7.1832
-7.17793
-7.16986
-7.16034
-7.15049
-7.14151
-7.13471
-7.12629
-7.12239
-7.11989
-7.1209
-7.12683
-7.13431
-7.14358
-7.15354
-7.16406
-7.17224
-7.17628
-7.1798
-7.18441
-7.18645
-7.18731
-7.18748
-7.18739
-7.19049
-7.1928
-7.19373
-7.19591
-7.19486
-7.19443
-7.19339
-7.19318
-7.19399
-7.1928
-7.19289
-7.19405
-7.1958
-7.19975
-7.20314
-7.20762
-7.21349
-7.21987
-7.2247
-7.22729
-7.23168
-7.23268
-7.23517
-7.23922
-7.2445
-7.24834
-7.25174
-7.25331
-7.25113
-7.25086
-7.24472
-7.23765
-7.22693
-7.2178
-7.20751
-7.20084
-7.1985
-7.19529
-7.19847
-7.20304
-7.20733
-7.21164
-7.21016
-7.20917
-7.203
-7.1961
-7.18509
-7.17593
-7.16667
-7.1594
-7.15289
-7.14928
-7.14863
-7.15203
-7.15784
-7.16193
-7.16956
-7.17705
-7.18321
-7.1887
-7.19151
-7.19595
-7.19871
-7.20173
-7.20558
-7.20519
-7.20725
-7.20864
-7.21174
-7.21247
-7.21306
-7.21134
-7.21032
-7.2072
-7.20357
-7.2004
-7.19674
-7.19112
-7.18685
-7.18342
-7.1814
-7.18096
-7.18211
-7.18451
-7.1902
-7.19573
-7.20311
-7.21081
-7.21447
-7.21884
-7.22419
-7.22605
-7.22668
-7.22496
-7.22316
-7.21697
-7.21047
-7.20177
-7.19428
-7.18645
-7.18232
-7.17946
-7.17812
-7.17799
-7.17771
-7.17926
-7.18058
-7.18082
-7.18317
-7.18826
-7.19266
-7.20014
-7.20799
-7.21573
-7.22295
-7.22837
-7.23176
-7.23682
-7.23975
-7.24332
-7.24336
-7.24452
-7.24003
-7.23345
-7.22357
-7.21226
-7.19968
-7.18376
-7.16666
-7.14897
-7.13172
-7.12051
-7.11218
-7.10853
-7.10903
-7.11225
-7.11902
-7.12556
-7.13254
-7.13881
-7.14414
-7.14821
-7.15282
-7.15536
-7.15673
-7.15416
-7.15472
-7.15304
-7.15227
-7.15403
-7.15879
-7.16595
-7.17659
-7.18962
-7.20581
-7.22529
-7.24457
-7.26316
-7.2794
-7.29383
-7.30192
-7.30782
-7.31188
-7.30774
-7.30017
-7.28672
-7.2727
-7.25213
-7.2323
-7.20891
-7.19011
-7.17174
-7.1597
-7.15059
-7.15076
-7.15405
-7.16379
-7.17423
-7.18816
-7.20146
-7.21137
-7.22019
-7.22484
-7.22433
-7.21985
-7.21237
-7.2038
-7.19353
-7.18575
-7.17719
-7.17026
-7.16504
-7.16368
-7.16537
-7.17044
-7.17762
-7.18554
-7.19252
-7.19492
-7.19839
-7.19856
-7.19449
-7.19164
-7.18702
-7.18513
-7.18137
-7.18136
-7.18071
-7.17983
-7.17798
-7.17641
-7.17616
-7.1747
-7.17315
-7.17419
-7.17788
-7.18315
-7.18906
-7.19753
-7.20436
-7.21031
-7.21409
-7.21293
-7.21006
-7.20572
-7.19638
-7.1874
-7.178
-7.17009
-7.16493
-7.1644
-7.16505
-7.16719
-7.17211
-7.17882
-7.19045
-7.20146
-7.21311
-7.22727
-7.23884
-7.25084
-7.25674
-7.2627
-7.26161
-7.25548
-7.24665
-7.23447
-7.22085
-7.20729
-7.19119
-7.17881
-7.16782
-7.16135
-7.16098
-7.16184
-7.16753
-7.17061
-7.17834
-7.18254
-7.18625
-7.18591
-7.18111
-7.17656
-7.16869
-7.16062
-7.15427
-7.14783
-7.14414
-7.14534
-7.14913
-7.15734
-7.1688
-7.17884
-7.19133
-7.20452
-7.21862
-7.22976
-7.23983
-7.24678
-7.24791
-7.24953
-7.24658
-7.24005
-7.23422
-7.22391
-7.21605
-7.2092
-7.20007
-7.19295
-7.1844
-7.17705
-7.16826
-7.15919
-7.1496
-7.14314
-7.14019
-7.14053
-7.14364
-7.14704
-7.15576
-7.1665
-7.17783
-7.19045
-7.20203
-7.2127
-7.22246
-7.2313
-7.24225
-7.24988
-7.25754
-7.26043
-7.26237
-7.26078
-7.25427
-7.24248
-7.22983
-7.21565
-7.20029
-7.1856
-7.17253
-7.16252
-7.15526
-7.14896
-7.145
-7.14369
-7.14457
-7.14875
-7.15367
-7.15952
-7.16735
-7.17488
-7.18043
-7.18664
-7.18978
-7.19098
-7.19118
-7.18942
-7.18789
-7.1853
-7.18646
-7.19073
-7.19873
-7.2077
-7.21822
-7.23023
-7.242
-7.25255
-7.25994
-7.26606
-7.26818
-7.26944
-7.26821
-7.26447
-7.25793
-7.24775
-7.23784
-7.22583
-7.21341
-7.20139
-7.19064
-7.17959
-7.16765
-7.15694
-7.14784
-7.13845
-7.1323
-7.12333
-7.1154
-7.11117
-7.10816
-7.10674
-7.10559
-7.10964
-7.11635
-7.12237
-7.13269
-7.14318
-7.1551
-7.17148
-7.18625
-7.19907
-7.21187
-7.22153
-7.22967
-7.23715
-7.24395
-7.24825
-7.25085
-7.25225
-7.25014
-7.24732
-7.24459
-7.24162
-7.24386
-7.24726
-7.25199
-7.25752
-7.26572
-7.26888
-7.27315
-7.27174
-7.26765
-7.25839
-7.24849
-7.23664
-7.22256
-7.21106
-7.20104
-7.19375
-7.18919
-7.18623
-7.18186
-7.17728
-7.17242
-7.16525
-7.15971
-7.15315
-7.14733
-7.14637
-7.14762
-7.15028
-7.15684
-7.16531
-7.17597
-7.18698
-7.19259
-7.20091
-7.20402
-7.20833
-7.21088
-7.21052
-7.20939
-7.20742
-7.20385
-7.19979
-7.19366
-7.18849
-7.18018
-7.17504
-7.17356
-7.17067
-7.17213
-7.17648
-7.17883
-7.18421
-7.18523
-7.18729
-7.19159
-7.19443
-7.19935
-7.2045
-7.21145
-7.21616
-7.22275
-7.22603
-7.2294
-7.22991
-7.23054
-7.23013
-7.22471
-7.22239
