1.18991
1.15567
1.09903
1.02249
0.929279
0.824046
0.712812
0.602676
0.50124
0.415659
0.351524
0.311852
0.296674
0.303209
0.326623
0.361077
0.400677
0.440224
0.475645
0.504127
0.524135
0.535284
0.538117
0.533887
0.524387
0.511706
0.498078
0.485708
0.47664
0.472664
0.475153
0.485023
0.502525
0.527206
0.557842
0.592487
0.628766
0.66402
0.695761
0.721875
0.740866
0.751884
0.75486
0.750344
0.73949
0.723878
0.705222
0.685242
0.665475
0.647021
0.630581
0.616473
0.604739
0.595249
0.587851
0.582491
0.579193
0.578109
0.579424
0.583235
0.589454
0.597792
0.607679
0.618342
0.628872
0.638432
0.646401
0.652425
0.656384
0.658375
0.658609
0.657288
0.654668
0.650971
0.646438
0.641289
0.635833
0.630356
0.625098
0.620375
0.616466
0.613539
0.611802
0.611359
0.612277
0.614384
0.617234
0.620055
0.621911
0.621824
0.619003
0.612997
0.603905
0.592369
0.579449
0.566584
0.555196
0.54647
0.541168
0.53947
1.19589
1.18008
1.15273
1.11488
1.06814
1.01454
0.956507
0.896831
0.838731
0.785827
0.742006
0.710881
0.695125
0.695897
0.712465
0.742252
0.781475
0.825901
0.871628
0.915526
0.955512
0.990372
1.01937
1.04201
1.05794
1.0669
1.06894
1.06447
1.05456
1.04085
1.02541
1.01028
0.997142
0.986804
0.979536
0.975609
0.975408
0.978959
0.985139
0.991564
0.995764
0.996296
0.993015
0.986586
0.977872
0.967533
0.956054
0.943894
0.931588
0.919743
0.908866
0.899205
0.890971
0.884817
0.882018
0.884214
0.892615
0.907334
0.926885
0.948406
0.96844
0.983928
0.992779
0.994195
0.988769
0.978195
0.964943
0.951599
0.940136
0.931626
0.926258
0.923813
0.924112
0.927261
0.933546
0.943103
0.955606
0.970373
0.986513
1.00298
1.01875
1.03279
1.04417
1.0522
1.05646
1.05685
1.05332
1.04573
1.03396
1.01818
0.999161
0.978664
0.959116
0.943012
0.932231
0.927576
0.928592
0.933578
0.940162
0.94588
1.19971
1.18907
1.16992
1.14614
1.12236
1.1028
1.09017
1.08541
1.08788
1.09578
1.10644
1.1165
1.12257
1.12218
1.11434
1.09962
1.07973
1.05685
1.03326
1.01125
0.993242
0.981679
0.97879
0.985929
1.00303
1.0283
1.05847
1.08952
1.11747
1.13911
1.15215
1.15539
1.14863
1.13257
1.109
1.08072
1.05147
1.0254
1.00619
0.995904
0.994392
0.999535
1.00827
1.01761
1.02558
1.03149
1.03547
1.03799
1.03929
1.03944
1.03874
1.038
1.03869
1.04233
1.04986
1.06111
1.07479
1.08905
1.10199
1.11241
1.12006
1.12542
1.12958
1.13389
1.13955
1.14743
1.15754
1.16893
1.18009
1.1898
1.1975
1.20313
1.20675
1.20807
1.20634
1.20053
1.1897
1.17366
1.15303
1.12927
1.10437
1.08048
1.05965
1.04376
1.0343
1.03199
1.03627
1.04516
1.05566
1.06475
1.07033
1.07165
1.06913
1.06381
1.0568
1.04927
1.04224
1.03699
1.03489
1.03729
1.20658
1.21475
1.22315
1.23017
1.23415
1.23377
1.22828
1.21747
1.20163
1.18162
1.15898
1.13585
1.11467
1.0975
1.08526
1.07717
1.07124
1.06562
1.05966
1.05423
1.05099
1.05175
1.05799
1.07062
1.08979
1.11466
1.14358
1.17452
1.20575
1.23622
1.26499
1.29083
1.31197
1.32656
1.33329
1.33183
1.32275
1.30733
1.28722
1.26409
1.23933
1.21407
1.18933
1.16626
1.14627
1.13075
1.12074
1.11652
1.11761
1.12319
1.13262
1.14553
1.16101
1.17676
1.1894
1.19537
1.19251
1.18099
1.16347
1.14409
1.12718
1.11575
1.11087
1.11172
1.11658
1.12372
1.13216
1.14174
1.15296
1.16648
1.18282
1.20205
1.22351
1.2458
1.2668
1.28406
1.29547
1.29993
1.29745
1.28874
1.27444
1.2549
1.23038
1.20188
1.17168
1.14324
1.12046
1.10635
1.10199
1.10619
1.11615
1.12837
1.13945
1.14669
1.14878
1.14603
1.14002
1.13336
1.12884
1.12879
1.20576
1.21653
1.23165
1.24975
1.26887
1.28692
1.30215
1.31359
1.32109
1.32521
1.32706
1.32804
1.32949
1.33215
1.33582
1.33919
1.34021
1.33692
1.32823
1.31414
1.29559
1.27395
1.25067
1.22714
1.20456
1.18413
1.16695
1.15347
1.1432
1.13468
1.12589
1.11496
1.10098
1.08435
1.06664
1.05012
1.03708
1.02911
1.02694
1.03049
1.03931
1.05272
1.07002
1.09046
1.11335
1.13803
1.16394
1.19061
1.21746
1.24347
1.26702
1.28618
1.29921
1.30518
1.30392
1.29572
1.28114
1.26137
1.23874
1.21713
1.201
1.19407
1.19766
1.21022
1.22764
1.24476
1.25653
1.2592
1.25102
1.23264
1.207
1.17865
1.15278
1.13395
1.12516
1.12728
1.13913
1.15794
1.18037
1.20329
1.22439
1.24246
1.25721
1.26908
1.27852
1.28548
1.28926
1.28882
1.28333
1.27274
1.2581
1.24125
1.22442
1.20964
1.1982
1.19059
1.18675
1.18652
1.18991
1.197
1.21022
1.22331
1.23733
1.25067
1.26177
1.26904
1.27063
1.26491
1.25082
1.22861
1.2002
1.16889
1.13892
1.11431
1.09769
1.08961
1.08876
1.0934
1.1025
1.11588
1.13327
1.15359
1.17478
1.19452
1.21093
1.22325
1.23194
1.23822
1.24366
1.24953
1.25649
1.26457
1.27293
1.28028
1.28504
1.28565
1.28116
1.27162
1.25826
1.24314
1.22846
1.21599
1.20668
1.20105
1.19938
1.20198
1.20896
1.21955
1.23191
1.24374
1.25335
1.26025
1.26506
1.26883
1.27218
1.27454
1.2746
1.27078
1.26188
1.24763
1.22856
1.20579
1.18104
1.15693
1.1375
1.12729
1.12921
1.14219
1.16179
1.18282
1.20143
1.21531
1.22324
1.22444
1.21852
1.20565
1.18683
1.16412
1.14039
1.11884
1.10244
1.09326
1.09222
1.09923
1.11336
1.13293
1.15601
1.18079
1.20602
1.23111
1.25583
1.27963
1.30128
1.31885
1.33034
1.33461
1.33179
1.32342
1.3116
1.29821
1.18823
1.17844
1.17157
1.16822
1.16908
1.17452
1.18406
1.19644
1.20988
1.22255
1.23292
1.24003
1.24364
1.24395
1.24121
1.23544
1.22633
1.21351
1.19698
1.17734
1.15591
1.13454
1.11504
1.09868
1.0859
1.07642
1.06959
1.06472
1.0614
1.05965
1.05991
1.06315
1.07116
1.08662
1.11162
1.14517
1.18261
1.21783
1.24626
1.26584
1.27648
1.2791
1.27478
1.26429
1.24812
1.22671
1.20092
1.1724
1.14351
1.11699
1.09537
1.08063
1.07385
1.07508
1.08355
1.09773
1.11571
1.13556
1.15533
1.17318
1.18712
1.19511
1.19534
1.18681
1.17022
1.14869
1.1273
1.11172
1.10543
1.10824
1.11723
1.12907
1.14193
1.1558
1.17189
1.19118
1.21366
1.23795
1.2615
1.28132
1.29475
1.30013
1.29671
1.28453
1.26427
1.23729
1.20561
1.17179
1.13885
1.10984
1.08826
1.07751
1.07998
1.09613
1.12432
1.16121
1.20242
1.24319
1.27885
1.30539
1.21239
1.21439
1.20431
1.18277
1.15162
1.11397
1.07373
1.03541
1.00353
0.981973
0.973001
0.976814
0.991745
1.01483
1.04252
1.07131
1.0979
1.1195
1.13406
1.14052
1.13911
1.13111
1.11858
1.10406
1.09042
1.08054
1.07679
1.08056
1.09181
1.10897
1.1295
1.15019
1.16783
1.17962
1.18361
1.17886
1.1658
1.14624
1.12333
1.10124
1.08446
1.07672
1.07975
1.09254
1.11183
1.13322
1.1524
1.16619
1.17282
1.1719
1.16408
1.15066
1.13323
1.11347
1.0931
1.07434
1.05959
1.05102
1.04993
1.05612
1.06799
1.08319
1.09944
1.11492
1.12821
1.13814
1.14377
1.14447
1.14015
1.13184
1.1218
1.11331
1.10974
1.11293
1.12183
1.13284
1.14144
1.14393
1.13856
1.12545
1.10628
1.08372
1.06106
1.04162
1.02832
1.02338
1.02814
1.04296
1.0671
1.09846
1.13375
1.16896
1.20033
1.22489
1.24074
1.24661
1.24174
1.22588
1.1997
1.16515
1.16062
1.11743
1.07672
1.04245
1.01747
1.00309
0.999277
1.00521
1.01968
1.0414
1.06873
1.09954
1.13117
1.16074
1.18551
1.20349
1.21364
1.21601
1.21143
1.20154
1.18846
1.17433
1.16109
1.14991
1.14091
1.13339
1.12621
1.11842
1.10948
1.09977
1.09054
1.08409
1.08333
1.09075
1.10705
1.13045
1.15685
1.18138
1.20004
1.21104
1.21487
1.21377
1.21068
1.20842
1.20869
1.21143
1.21477
1.21562
1.21115
1.2003
1.18398
1.16456
1.14457
1.12565
1.10827
1.09228
1.07764
1.065
1.05544
1.05006
1.04949
1.05368
1.06193
1.0733
1.08705
1.10289
1.12078
1.14015
1.15942
1.17596
1.18678
1.18972
1.18418
1.17117
1.15231
1.12901
1.10223
1.07345
1.04536
1.02191
1.00726
1.00442
1.01425
1.03527
1.06434
1.09782
1.13235
1.16522
1.19443
1.21844
1.23613
1.24694
1.25096
1.2491
1.24309
1.23493
1.22625
1.21786
1.2095
1.20032
1.18936
1.17581
1.15933
1.13975
1.11741
1.09349
1.07009
1.04968
1.03456
1.02617
1.02479
1.02953
1.03883
1.0508
1.06369
1.07615
1.08741
1.09712
1.10524
1.11182
1.11671
1.11954
1.11957
1.11617
1.10925
1.09974
1.08944
1.08069
1.07543
1.0747
1.07866
1.08705
1.09918
1.11376
1.12888
1.1423
1.15218
1.15767
1.15902
1.15724
1.15357
1.14903
1.14447
1.1406
1.13801
1.13715
1.13813
1.14086
1.14498
1.15019
1.15612
1.16233
1.16792
1.17168
1.17225
1.1685
1.15994
1.14709
1.13164
1.11588
1.10197
1.09148
1.08517
1.08315
1.08517
1.09082
1.09951
1.11027
1.12175
1.13238
1.14068
1.14569
1.14711
1.14553
1.14218
1.1389
1.13795
1.14145
1.15068
1.16545
1.18424
1.20452
1.22333
1.23786
1.24568
1.24519
1.23572
1.21763
1.19238
1.16236
1.13046
1.0997
1.07246
1.05024
1.03353
1.02186
1.01413
1.00904
1.00566
1.00387
