1.18991
1.15567
1.09903
1.02249
0.929279
0.824046
0.712812
0.602676
0.50124
0.415659
0.351524
0.311852
0.296674
0.303209
0.326623
0.361077
0.400677
0.440224
0.475645
0.504127
0.524135
0.535284
0.538117
0.533887
0.524387
0.511706
0.498078
0.485708
0.47664
0.472664
0.475153
0.485023
0.502525
0.527206
0.557842
0.592487
0.628766
0.66402
0.695761
0.721875
0.740866
0.751884
0.75486
0.750344
0.73949
0.723878
0.705222
0.685242
0.665475
0.647021
0.630581
0.616473
0.604739
0.595249
0.587851
0.582491
0.579193
0.578109
0.579424
0.583235
0.589454
0.597792
0.607679
0.618342
0.628872
0.638432
0.646401
0.652425
0.656384
0.658375
0.658609
0.657288
0.654668
0.650971
0.646438
0.641289
0.635833
0.630356
0.625098
0.620375
0.616466
0.613539
0.611802
0.611359
0.612277
0.614384
0.617234
0.620055
0.621911
0.621824
0.619003
0.612997
0.603905
0.592369
0.579449
0.566584
0.555196
0.54647
0.541168
0.53947
0.541089
0.545355
0.551336
0.557993
0.564326
0.569423
0.572547
0.57317
0.571179
0.566856
0.560927
0.5545
0.548965
0.545793
0.546317
0.55153
0.561829
0.577033
0.596353
0.618563
0.642147
0.665483
0.687055
0.70546
0.719658
0.728911
0.732774
0.731219
0.724571
0.713427
0.698727
0.68162
0.663471
0.645714
0.629771
0.616933
0.608139
0.603852
0.603757
0.606754
0.611308
0.615826
0.619166
0.620627
0.619973
0.617339
0.612946
0.607088
0.6001
0.592336
0.584243
0.576349
0.569244
0.563531
0.559771
0.55846
0.559993
0.564635
0.572391
0.582832
0.594972
0.607328
0.618208
0.626113
0.630051
0.629732
0.625633
0.618796
0.610491
0.601915
0.593906
0.586888
0.581077
0.576613
0.573836
0.573306
0.575639
0.58124
0.590078
0.601741
0.615503
0.630384
0.645389
0.6595
0.671718
0.681261
0.687426
0.68975
0.688074
0.682539
0.673605
0.662059
0.648928
0.635357
0.622596
0.611828
0.60396
0.599536
0.598616
0.600831
0.60545
0.611501
0.617996
0.624126
0.629247
0.632965
0.635089
0.63566
0.63485
0.632908
0.630224
0.627115
0.623736
0.620135
0.616184
0.611804
0.606981
0.601805
0.596498
0.59135
0.586601
0.582456
0.579081
0.576599
0.575085
0.57464
0.575381
0.577393
0.580748
0.585451
0.591276
0.59781
0.604465
0.61045
0.614969
0.617395
0.61734
0.614803
0.610177
0.60411
0.597403
0.590731
0.584627
0.579384
0.575028
0.571452
0.568563
0.566372
0.564985
0.564593
0.565357
0.567355
0.570491
0.574507
0.579119
0.584052
0.589137
0.594419
0.600102
0.606368
0.613332
0.621005
0.629312
0.638154
0.647502
0.657266
0.66726
0.677161
0.686459
0.694516
0.700731
0.704574
0.705678
0.703948
0.699454
0.692453
0.683325
0.672464
0.660219
0.646925
0.633008
0.618921
0.605193
0.592431
0.581352
0.572689
0.567126
0.565113
0.566732
0.571567
0.57869
0.586722
0.594118
0.599384
0.601405
0.599654
0.594325
0.586339
0.577217
0.568842
0.563084
0.561475
0.564925
0.573571
0.586862
0.603648
0.622351
0.641224
0.658537
0.672795
0.682814
0.687835
0.687477
0.681756
0.67098
0.655786
0.637134
0.616342
0.594987
0.574852
0.557669
0.544935
0.537698
0.536287
0.540334
0.549022
0.56119
0.575585
0.591006
0.606363
0.620657
0.632959
0.642475
0.64873
0.651615
0.651383
0.648622
0.644096
0.6386
0.632894
0.627631
0.623263
0.620066
0.61816
0.617535
0.618079
0.619681
0.622187
0.62543
0.629194
0.633168
0.63695
0.640077
0.642036
0.642483
0.641275
0.638498
0.634332
0.629009
0.622597
0.615067
0.606367
0.596558
0.58594
0.575068
0.56484
0.556337
0.550615
0.54849
0.550352
0.556058
0.565058
0.576473
0.589309
0.602599
0.615485
0.627247
0.637289
0.645099
0.650317
0.652715
0.65221
0.64889
0.64299
0.635014
0.625679
0.615877
0.606682
0.599233
0.59449
0.593065
0.595107
0.600125
0.60714
0.614942
0.622362
0.628507
0.63283
0.635264
0.636033
0.635565
0.634349
0.632791
0.631159
0.629624
0.628099
0.626295
0.623851
0.620373
0.615469
0.608958
0.601026
0.59235
0.584024
0.577532
0.574511
0.576188
0.583078
0.594747
0.609862
0.626555
0.642891
0.657289
0.66864
0.676336
0.680237
0.680438
0.677228
0.671002
0.662185
0.651172
0.638408
0.624279
0.609281
0.593986
0.579088
0.565484
0.554168
0.546187
0.542529
0.543887
0.550431
0.561659
0.576386
0.592868
0.60912
0.623289
0.63388
0.640049
0.641671
0.639276
0.633909
0.627013
0.620004
0.614043
0.609817
0.607611
0.607434
0.609243
0.612955
0.618322
0.624632
0.630616
0.634647
0.635298
0.631695
0.623723
0.612018
0.597931
0.583209
0.569808
0.559535
0.553653
0.552744
0.556712
0.564912
0.576346
0.589818
0.604191
0.618322
0.631223
0.642113
0.650504
0.656243
0.659502
0.660693
0.660415
0.659238
0.65766
0.656015
0.654562
0.653436
0.652615
0.652013
0.651399
0.650432
0.648842
0.646381
0.642969
0.638718
0.63376
0.628299
0.622641
0.617139
0.612282
0.608533
0.606312
0.605829
0.606861
0.608863
0.611007
0.612478
0.61265
0.611163
0.607894
0.602956
0.596532
0.588883
0.580398
0.571529
0.562818
0.554935
0.548585
0.544438
0.542952
0.544321
0.548391
0.554709
0.56257
0.571201
0.579817
0.587768
0.594537
0.59983
0.603616
0.606091
0.607665
0.608814
0.610006
0.61146
0.613108
0.614711
0.615964
0.616605
0.616571
0.615909
0.614768
0.613322
0.611808
0.610551
0.610001
0.61063
0.612801
0.616673
0.622007
0.628158
0.634273
0.639546
0.643558
0.646412
0.648719
0.651165
0.654185
0.657802
0.661649
0.66512
0.667497
0.668105
0.666465
0.66221
0.655387
0.646445
0.636382
0.626631
0.618732
0.613797
0.612203
0.613519
0.61668
0.620347
0.623184
0.624197
0.622808
0.618841
0.612482
0.604208
0.594793
0.585174
0.576454
0.569697
0.565774
0.565117
0.567587
0.572544
0.579108
0.586396
0.593597
0.600171
0.605769
0.610299
0.61386
0.616674
0.619068
0.621309
0.623516
0.625599
0.627352
0.628581
0.629067
0.628757
0.627751
0.626133
0.624033
0.621433
0.61831
0.614693
0.610713
0.606744
0.603241
0.600767
0.599821
0.600777
0.603641
0.608217
0.613974
0.620352
0.626786
0.632773
0.637898
0.641778
0.644134
0.644635
0.643124
0.639568
0.634195
0.627463
0.620081
0.612854
0.606523
0.601589
0.598251
0.596445
0.595888
0.596185
0.597041
0.598315
0.600113
0.60269
0.606363
0.611288
0.617368
0.624202
0.631296
0.638228
0.644683
0.650421
0.655252
0.658961
0.661371
0.662226
0.661316
0.65834
0.652984
0.644999
0.634287
0.620974
0.605547
0.588833
0.572051
0.556541
0.543707
0.534634
0.529891
0.529356
0.532284
0.537592
0.544068
0.550748
0.557064
0.562782
0.567887
0.572257
0.575573
0.577436
0.577618
0.576347
0.574363
0.572824
0.573048
0.576177
0.582952
0.593547
0.607565
0.624195
0.642304
0.660655
0.67809
0.693604
0.706394
0.715827
0.721473
0.723037
0.720302
0.713174
0.701756
0.686473
0.668094
0.647741
0.626897
0.607241
0.59044
0.577921
0.570538
0.568557
0.571695
0.579127
0.58965
0.601875
0.614266
0.625352
0.633842
0.638866
0.640035
0.637519
0.631922
0.624155
0.615242
0.60614
0.597778
0.590979
0.586469
0.584804
0.586192
0.590374
0.596457
0.603106
0.608935
0.612867
0.61432
0.613403
0.610755
0.607285
0.603907
0.601275
0.59968
0.598957
0.59863
0.598115
0.596985
0.595155
0.592962
0.591101
0.590364
0.591511
0.594963
0.600676
0.608093
0.616225
0.623829
0.629686
0.632807
0.632636
0.629113
0.622751
0.614501
0.60553
0.597002
0.589886
0.584816
0.582099
0.581854
0.584078
0.588744
0.595867
0.605333
0.616816
0.629674
0.642888
0.655264
0.66558
0.672814
0.67626
0.67558
0.670819
0.662331
0.65074
0.636956
0.622138
0.607563
0.594624
0.584578
0.578344
0.576271
0.578074
0.582878
0.589429
0.596243
0.60192
0.605267
0.605565
0.602687
0.597077
0.589651
0.58158
0.574127
0.568432
0.565406
0.565618
0.569376
0.576604
0.58683
0.599293
0.613009
0.626891
0.639839
0.650895
0.659318
0.664644
0.666739
0.665742
0.662058
0.656337
0.6493
0.641619
0.633759
0.625931
0.618108
0.610056
0.60155
0.592622
0.583497
0.574688
0.566899
0.560874
0.55732
0.556704
0.559183
0.564574
0.572436
0.58207
0.592694
0.603687
0.614636
0.625338
0.635769
0.645937
0.655659
0.664397
0.671317
0.675499
0.676194
0.67305
0.666226
0.656328
0.64417
0.630721
0.616958
0.603784
0.591862
0.581658
0.573521
0.567645
0.56409
0.562878
0.563873
0.566896
0.571661
0.577735
0.584553
0.591465
0.597755
0.602826
0.606149
0.607541
0.607233
0.605864
0.604292
0.603513
0.604458
0.607818
0.613922
0.622657
0.633356
0.645005
0.656524
0.666903
0.675476
0.681827
0.685805
0.687318
0.686345
0.682849
0.676878
0.668537
0.658157
0.646261
0.633562
0.620857
0.608723
0.597566
0.587474
0.578304
0.569794
0.561676
0.553864
0.54646
0.539738
0.534088
0.529931
0.527657
0.527572
0.529775
0.534313
0.541085
0.549921
0.560571
0.572684
0.585764
0.599231
0.612443
0.624716
0.635515
0.644495
0.651524
0.656577
0.659766
0.661227
0.661151
0.6598
0.657658
0.655531
0.65435
0.655073
0.658223
0.663719
0.670783
0.678071
0.684036
0.687329
0.686964
0.682616
0.674647
0.663988
0.651878
0.639685
0.628658
0.619696
0.613138
0.608722
0.605677
0.602955
0.599474
0.594463
0.587768
0.58001
0.572389
0.566337
0.563105
0.563352
0.566991
0.573336
0.58137
0.590077
0.598551
0.60621
0.612717
0.6179
0.62171
0.624079
0.624863
0.623907
0.621151
0.616748
0.611156
0.605034
0.599155
0.594266
0.590905
0.589253
0.589147
0.59019
0.591907
0.593923
0.596047
0.598339
0.600996
0.604251
0.6083
0.613148
0.618589
0.624235
0.629647
0.634379
0.638103
0.640621
0.641906
0.641994
0.641029
0.639239
0.636948
