-0.084108   -0.0295816   -0.0716286
0.0918322   0.173148   -0.0720699
-0.0792451   0.160101   0.0843854
0.08269   -0.00180974   0.087463
0.260974   -0.0223812   -0.0638081
0.439968   0.152097   -0.0745524
0.266174   0.172674   0.09208
0.425549   -0.0080516   0.107614
-0.424714   -0.0130491   -0.0541834
-0.266608   0.169661   -0.0637879
-0.416394   0.173889   0.0973663
-0.246381   -0.0339538   0.101583
-0.0779514   0.324922   -0.0873299
0.0751042   0.490475   -0.0673046
-0.0842781   0.482543   0.109545
0.0793289   0.327076   0.0809817
0.255186   0.322279   -0.0884577
0.410378   0.495785   -0.0771528
0.23541   0.488327   0.0958298
0.393931   0.339917   0.0978903
-0.423404   0.329516   -0.0850061
-0.247661   0.49503   -0.0877032
-0.419231   0.474972   0.0900157
-0.256844   0.326674   0.0892694
-0.095597   -0.336984   -0.0677142
0.0857278   -0.177298   -0.046358
-0.0907412   -0.195659   0.087801
0.0641488   -0.358457   0.102364
0.263828   -0.326896   -0.0566262
0.420189   -0.17814   -0.0656664
0.264148   -0.169256   0.116115
0.409689   -0.339428   0.106739
-0.436869   -0.330342   -0.0688542
-0.261417   -0.169638   -0.0734361
-0.417898   -0.170062   0.113582
-0.27199   -0.332387   0.0811337
-0.0860965   -0.0106193   0.252976
0.0845132   0.144779   0.251282
-0.0643399   0.149038   0.424514
0.0880466   -0.0224351   0.421061
0.247028   0.00259126   0.26209
0.437483   0.170613   0.278853
0.253592   0.150548   0.454074
0.422147   -0.0140421   0.443173
-0.404018   -0.00451685   0.274769
-0.248037   0.148587   0.255721
-0.418168   0.164624   0.456885
-0.249236   0.00965271   0.450764
-0.117251   0.320196   0.271252
0.0819203   0.483014   0.260387
-0.0880612   0.492798   0.406776
0.0705111   0.322426   0.420395
0.251142   0.30702   0.285455
0.408359   0.488189   0.283711
0.239712   -0.498714   0.425464
0.405695   0.32286   0.43735
-0.41479   0.332998   0.26324
-0.272547   -0.493607   0.279748
-0.425124   0.48281   0.44558
-0.23965   0.302506   0.446481
-0.087397   -0.33963   0.258722
0.0794821   -0.174636   0.23808
-0.0821779   -0.16137   0.435003
0.0836136   -0.319241   0.414388
0.243864   -0.352657   0.246813
0.440136   -0.168866   0.281895
0.266059   -0.171084   0.432158
0.423198   -0.345409   0.436401
-0.427876   -0.346007   0.27204
-0.245595   -0.173014   0.261812
-0.398243   -0.18735   0.437424
-0.228091   -0.338723   0.439974
-0.0712358   -0.0176515   -0.385635
0.0827781   0.14685   -0.386315
-0.0762176   0.152816   -0.210265
0.0904283   -0.0237446   -0.204658
0.25327   -0.00765698   -0.389747
0.421091   0.137003   -0.38873
0.263603   0.143188   -0.230479
0.416313   -0.0116593   -0.230884
-0.420707   -0.0184522   -0.404202
-0.246402   0.166154   -0.392015
-0.411258   0.169141   -0.234628
-0.2418   -0.00377786   -0.228872
-0.0665612   0.325435   -0.401615
0.0929551   0.480869   -0.384038
-0.0700242   0.492122   -0.246103
0.0737986   0.316762   -0.241629
0.243043   0.313472   -0.39419
0.43157   0.491913   -0.405187
0.256756   0.498476   -0.228376
0.414584   0.326615   -0.241198
-0.413376   0.327787   -0.398565
-0.249065   -0.499415   -0.407739
-0.411142   0.480228   -0.229777
-0.237525   0.32863   -0.242825
-0.0612041   -0.323523   -0.396226
0.0980458   -0.174273   -0.4118
-0.0647838   -0.175343   -0.241966
0.0826428   -0.329353   -0.225511
0.234821   -0.351266   -0.402036
0.425925   -0.179422   -0.402403
0.252772   -0.179183   -0.252449
0.41919   -0.348636   -0.244687
-0.401106   -0.356097   -0.404282
-0.255249   -0.163744   -0.404075
-0.420173   -0.180561   -0.237144
-0.248186   -0.321626   -0.251843
